   1.2171192798472239e-02     2.848168861289220e-03
   1.1593780638776183e-02     4.672713398009610e-03
   1.0744620087340014e-02     6.387733493088881e-03
   9.6436147477742869e-03     7.953030529081999e-03
   8.3165712520695666e-03     9.331915270149533e-03
   6.7945943750152629e-03     1.049206782664937e-02
   5.1133579646417508e-03     1.140629520595688e-02
   3.3122687774582681e-03     1.205316869316426e-02
   1.4335428174800039e-03     1.241752612199594e-02
  -4.7878417112544221e-04     1.249082726313513e-02
  -2.3798888645583539e-03     1.227135399996069e-02
  -4.2252109801062879e-03     1.176425059974452e-02
  -5.9714977314032887e-03     1.098140313638678e-02
  -7.5778176370829764e-03     9.941160890917830e-03
  -9.0065199200098419e-03     8.667906259903019e-03
  -1.0224117009583974e-02     7.191483252732754e-03
  -1.1202069462013197e-02     5.546497973336994e-03
  -1.1917454900686632e-02     3.771507482439903e-03
  -1.2353505297254357e-02     1.908116052735932e-03
  -1.2500000000000001e-02    -4.020306624191592e-18
  -1.2353505297254357e-02    -1.908116052735934e-03
  -1.1917454900686632e-02    -3.771507482439905e-03
  -1.1202069462013194e-02    -5.546497973337002e-03
  -1.0224117009583970e-02    -7.191483252732761e-03
  -9.0065199200098350e-03    -8.667906259903024e-03
  -7.5778176370829746e-03    -9.941160890917832e-03
  -5.9714977314032809e-03    -1.098140313638678e-02
  -4.2252109801062749e-03    -1.176425059974452e-02
  -2.3798888645583404e-03    -1.227135399996069e-02
  -4.7878417112543414e-04    -1.249082726313513e-02
   1.4335428174800174e-03    -1.241752612199594e-02
   3.3122687774582759e-03    -1.205316869316426e-02
   5.1133579646417578e-03    -1.140629520595687e-02
   6.7945943750152759e-03    -1.049206782664937e-02
   8.3165712520695736e-03    -9.331915270149529e-03
   9.6436147477742956e-03    -7.953030529081990e-03
   1.0744620087340017e-02    -6.387733493088877e-03
   1.1593780638776188e-02    -4.672713398009602e-03
   1.2171192798472242e-02    -2.848168861289207e-03
   1.2463322514796758e-02    -9.568656604561897e-04
   1.2463322514796756e-02     9.568656604562057e-04
   4.8684771193888987e-01     1.139267544515689e-01
   4.6375122555104764e-01     1.869085359203845e-01
   4.2978480349360082e-01     2.555093397235554e-01
   3.8574458991097171e-01     3.181212211632802e-01
   3.3266285008278290e-01     3.732766108059815e-01
   2.7178377500061068e-01     4.196827130659753e-01
   2.0453431858567014e-01     4.562518082382753e-01
   1.3249075109833081e-01     4.821267477265708e-01
   5.7341712699200194e-02     4.967010448798378e-01
  -1.9151366845017701e-02     4.996330905254053e-01
  -9.5195554582334210e-02     4.908541599984278e-01
  -1.6900843920425163e-01     4.705700239897811e-01
  -2.3885990925613171e-01     4.392561254554714e-01
  -3.0311270548331926e-01     3.976464356367135e-01
  -3.6026079680039386e-01     3.467162503961210e-01
  -4.0896468038335920e-01     2.876593301093103e-01
  -4.4808277848052813e-01     2.218599189334799e-01
  -4.7669819602746560e-01     1.508602992975962e-01
  -4.9414021189017460e-01     7.632464210943732e-02
  -5.0000000000000033e-01    -1.608122649676638e-16
  -4.9414021189017460e-01    -7.632464210943742e-02
  -4.7669819602746560e-01    -1.508602992975963e-01
  -4.4808277848052797e-01    -2.218599189334802e-01
  -4.0896468038335904e-01    -2.876593301093106e-01
  -3.6026079680039363e-01    -3.467162503961212e-01
  -3.0311270548331920e-01    -3.976464356367135e-01
  -2.3885990925613140e-01    -4.392561254554716e-01
  -1.6900843920425110e-01    -4.705700239897813e-01
  -9.5195554582333683e-02    -4.908541599984279e-01
  -1.9151366845017379e-02    -4.996330905254053e-01
   5.7341712699200735e-02    -4.967010448798378e-01
   1.3249075109833111e-01    -4.821267477265708e-01
   2.0453431858567042e-01    -4.562518082382752e-01
   2.7178377500061118e-01    -4.196827130659749e-01
   3.3266285008278312e-01    -3.732766108059813e-01
   3.8574458991097205e-01    -3.181212211632798e-01
   4.2978480349360093e-01    -2.555093397235552e-01
   4.6375122555104781e-01    -1.869085359203842e-01
   4.8684771193888998e-01    -1.139267544515684e-01
   4.9853290059187061e-01    -3.827462641824762e-02
   4.9853290059187055e-01     3.827462641824825e-02
   1.3499104080356537e-02     4.272050741502399e-03
   1.2688774813352737e-02     6.282612692685657e-03
   1.1581031419230775e-02     8.145915527247955e-03
   1.0201838464269105e-02     9.818285006009406e-03
   8.5835230623822877e-03     1.126052220582248e-02
   6.7640171549700184e-03     1.243882230910712e-02
   4.7859684183603479e-03     1.332556696012320e-02
   2.6957406384230378e-03     1.389997161582081e-02
   5.4232698272490903e-04     1.414857271791322e-02
  -1.6237983577932560e-03     1.406554326727189e-02
  -3.7518632410724184e-03     1.365282940384737e-02
  -5.7919876299126665e-03     1.292010479079827e-02
  -7.6963527377688296e-03     1.188454387202588e-02
  -9.4203218605777902e-03     1.057041931776549e-02
  -1.0923486623269370e-02     9.008533093768645e-03
  -1.2170614117829447e-02     7.235494489332452e-03
  -1.3132472732801787e-02     5.292862026587060e-03
  -1.3786517317484998e-02     3.226169363960296e-03
  -1.4117417621156588e-02     1.083858025816657e-03
  -1.4117417621156588e-02    -1.083858025816666e-03
  -1.3786517317484996e-02    -3.226169363960305e-03
  -1.3132472732801785e-02    -5.292862026587068e-03
  -1.2170614117829439e-02    -7.235494489332465e-03
  -1.0923486623269359e-02    -9.008533093768657e-03
  -9.4203218605777832e-03    -1.057041931776550e-02
  -7.6963527377688279e-03    -1.188454387202588e-02
  -5.7919876299126673e-03    -1.292010479079827e-02
  -3.7518632410724153e-03    -1.365282940384737e-02
  -1.6237983577932502e-03    -1.406554326727189e-02
   5.4232698272490881e-04    -1.414857271791322e-02
   2.6957406384230439e-03    -1.389997161582081e-02
   4.7859684183603453e-03    -1.332556696012320e-02
   6.7640171549700210e-03    -1.243882230910712e-02
   8.5835230623822929e-03    -1.126052220582247e-02
   1.0201838464269105e-02    -9.818285006009406e-03
   1.1581031419230777e-02    -8.145915527247954e-03
   1.2688774813352736e-02    -6.282612692685661e-03
   1.3499104080356537e-02    -4.272050741502399e-03
   1.3993025789026845e-02    -2.161355541760625e-03
   1.4158962833141053e-02    -3.467945702570506e-18
   1.3993025789026845e-02     2.161355541760631e-03
   1.5538768080686206e-02     3.636211842421933e-03
   1.4801595168791211e-02     5.965578805743713e-03
   1.3717485411390071e-02     8.155117658048994e-03
   1.2311849422347447e-02     1.015350746440681e-02
   1.0617634117884675e-02     1.191390766151279e-02
   8.6745504687880583e-03     1.339505596079280e-02
   6.5281427089110980e-03     1.456223550147479e-02
   4.2287208169344368e-03     1.538808858438069e-02
   1.8301812931064024e-03     1.585325791320779e-02
  -6.1125612904231342e-04     1.594684031314762e-02
  -3.0383662256029480e-03     1.566664229206237e-02
  -5.3942595930352531e-03     1.501923145408143e-02
  -7.6237160875692253e-03     1.401978256052711e-02
  -9.6744791385726964e-03     1.269172184637071e-02
  -1.1498480598276311e-02     1.106617792914000e-02
  -1.3052967418416555e-02     9.181252180507722e-03
  -1.4301503745451279e-02     7.081125662432845e-03
  -1.5214824946085108e-02     4.815023560514345e-03
  -1.5771523545470342e-02     2.436061387362114e-03
  -1.5958551000273238e-02    -5.132661463911828e-18
  -1.5771523545470342e-02    -2.436061387362117e-03
  -1.5214824946085108e-02    -4.815023560514347e-03
  -1.4301503745451274e-02    -7.081125662432855e-03
  -1.3052967418416550e-02    -9.181252180507731e-03
  -1.1498480598276304e-02    -1.106617792914001e-02
  -9.6744791385726947e-03    -1.269172184637072e-02
  -7.6237160875692158e-03    -1.401978256052712e-02
  -5.3942595930352366e-03    -1.501923145408144e-02
  -3.0383662256029315e-03    -1.566664229206237e-02
  -6.1125612904230312e-04    -1.594684031314762e-02
   1.8301812931064197e-03    -1.585325791320779e-02
   4.2287208169344464e-03    -1.538808858438069e-02
   6.5281427089111067e-03    -1.456223550147479e-02
   8.6745504687880757e-03    -1.339505596079279e-02
   1.0617634117884682e-02    -1.191390766151279e-02
   1.2311849422347457e-02    -1.015350746440680e-02
   1.3717485411390075e-02    -8.155117658048988e-03
   1.4801595168791218e-02    -5.965578805743704e-03
   1.5538768080686209e-02    -3.636211842421917e-03
   1.5911725438819021e-02    -1.221615155424019e-03
   1.5911725438819017e-02     1.221615155424039e-03
   1.7075982355031355e-02     5.404022566789991e-03
   1.6050938901573004e-02     7.947326196255447e-03
   1.4649675044406747e-02     1.030435123552201e-02
   1.2905035220688385e-02     1.241985101539105e-02
   1.0857912309197736e-02     1.424424001403690e-02
   8.5562891359192168e-03     1.573475609961173e-02
   6.0541137972691377e-03     1.685646283837250e-02
   3.4100351624399765e-03     1.758306837507722e-02
   6.8602819361500520e-04     1.789754169178781e-02
  -2.0540586946177675e-03     1.779251180049582e-02
  -4.7460001879881236e-03     1.727044051283390e-02
  -7.3266994594752641e-03     1.634356473729775e-02
  -9.7356671054547993e-03     1.503360965648247e-02
  -1.1916438966051280e-02     1.337127950721592e-02
  -1.3817899597188838e-02     1.139553789927120e-02
  -1.5395480373276897e-02     9.152694541377614e-03
  -1.6612204138019421e-02     6.695319780898303e-03
  -1.7439551917618090e-02     4.081012399444638e-03
  -1.7858131381346572e-02     1.371049546253704e-03
  -1.7858131381346572e-02    -1.371049546253715e-03
  -1.7439551917618087e-02    -4.081012399444649e-03
  -1.6612204138019417e-02    -6.695319780898315e-03
  -1.5395480373276886e-02    -9.152694541377630e-03
  -1.3817899597188824e-02    -1.139553789927121e-02
  -1.1916438966051273e-02    -1.337127950721592e-02
  -9.7356671054547976e-03    -1.503360965648247e-02
  -7.3266994594752650e-03    -1.634356473729775e-02
  -4.7460001879881192e-03    -1.727044051283390e-02
  -2.0540586946177601e-03    -1.779251180049582e-02
   6.8602819361500487e-04    -1.789754169178781e-02
   3.4100351624399843e-03    -1.758306837507722e-02
   6.0541137972691334e-03    -1.685646283837250e-02
   8.5562891359192202e-03    -1.573475609961172e-02
   1.0857912309197743e-02    -1.424424001403689e-02
   1.2905035220688385e-02    -1.241985101539105e-02
   1.4649675044406748e-02    -1.030435123552200e-02
   1.6050938901573001e-02    -7.947326196255452e-03
   1.7075982355031355e-02    -5.404022566789991e-03
   1.7700779255019280e-02    -2.734053228596106e-03
   1.7910684891754354e-02    -4.386852584644765e-18
   1.7700779255019280e-02     2.734053228596113e-03
   1.9501459534163160e-02     4.563517373734089e-03
   1.8576293032137179e-02     7.486918723156260e-03
   1.7215713965973774e-02     1.023483304332570e-02
   1.5451613155810472e-02     1.274285155160182e-02
   1.3325339629454990e-02     1.495218841984853e-02
   1.0886731436219226e-02     1.681105866442123e-02
   8.1929474852841747e-03     1.827589194229250e-02
   5.3071277893143327e-03     1.931235380296414e-02
   2.2969135160758997e-03     1.989615045888636e-02
  -7.6713846320573158e-04     2.001359821124743e-02
  -3.8132093671062310e-03     1.966194418427612e-02
  -6.7699018753681591e-03     1.884943085031648e-02
  -9.5679136215742009e-03     1.759510283326219e-02
  -1.2141661581878082e-02     1.592836051871384e-02
  -1.4430819285497901e-02     1.388827093385919e-02
  -1.6381730816060897e-02     1.152265204946747e-02
  -1.7948668460806613e-02     8.886951967183242e-03
  -1.9094904529416975e-02     6.042949263019441e-03
  -1.9793572219948395e-02     3.057304949896755e-03
  -2.0028295353898096e-02    -6.441591078603375e-18
  -1.9793572219948395e-02    -3.057304949896759e-03
  -1.9094904529416975e-02    -6.042949263019444e-03
  -1.7948668460806606e-02    -8.886951967183254e-03
  -1.6381730816060890e-02    -1.152265204946748e-02
  -1.4430819285497892e-02    -1.388827093385920e-02
  -1.2141661581878078e-02    -1.592836051871385e-02
  -9.5679136215741888e-03    -1.759510283326219e-02
  -6.7699018753681383e-03    -1.884943085031649e-02
  -3.8132093671062097e-03    -1.966194418427612e-02
  -7.6713846320571868e-04    -2.001359821124743e-02
   2.2969135160759214e-03    -1.989615045888636e-02
   5.3071277893143448e-03    -1.931235380296414e-02
   8.1929474852841869e-03    -1.827589194229249e-02
   1.0886731436219247e-02    -1.681105866442122e-02
   1.3325339629454999e-02    -1.495218841984852e-02
   1.5451613155810486e-02    -1.274285155160180e-02
   1.7215713965973777e-02    -1.023483304332570e-02
   1.8576293032137186e-02    -7.486918723156248e-03
   1.9501459534163164e-02    -4.563517373734068e-03
   1.9969528353378993e-02    -1.533151044929547e-03
   1.9969528353378993e-02     1.533151044929573e-03
   2.1284964718110925e-02     6.736035870645463e-03
   2.0007262897637736e-02     9.906227013684758e-03
   1.8260607792213609e-02     1.284422459165195e-02
   1.6085939517113464e-02     1.548116443145078e-02
   1.3534230453542288e-02     1.775523889820291e-02
   1.0665290499221878e-02     1.961314561382382e-02
   7.5463651750807591e-03     2.101133681958808e-02
   4.2505594472382717e-03     2.191704009868446e-02
   8.5512420855965118e-04     2.230902653388947e-02
  -2.5603544167979368e-03     2.217810829539419e-02
  -5.9158205046815609e-03     2.152735399574779e-02
  -9.1326247739523976e-03     2.037201676418023e-02
  -1.2135368058975603e-02     1.873917672618101e-02
  -1.4853668602157441e-02     1.666710626830979e-02
  -1.7223811742690425e-02     1.420437296589359e-02
  -1.9190243334200625e-02     1.140870120022511e-02
  -2.0706871886853176e-02     8.345619147990087e-03
  -2.1738148912808661e-02     5.086922856344965e-03
  -2.2259902152648559e-02     1.708993404422998e-03
  -2.2259902152648559e-02    -1.708993404423012e-03
  -2.1738148912808657e-02    -5.086922856344979e-03
  -2.0706871886853172e-02    -8.345619147990101e-03
  -1.9190243334200611e-02    -1.140870120022513e-02
  -1.7223811742690408e-02    -1.420437296589361e-02
  -1.4853668602157432e-02    -1.666710626830980e-02
  -1.2135368058975599e-02    -1.873917672618101e-02
  -9.1326247739523993e-03    -2.037201676418022e-02
  -5.9158205046815557e-03    -2.152735399574779e-02
  -2.5603544167979273e-03    -2.217810829539419e-02
   8.5512420855965064e-04    -2.230902653388947e-02
   4.2505594472382804e-03    -2.191704009868446e-02
   7.5463651750807539e-03    -2.101133681958808e-02
   1.0665290499221882e-02    -1.961314561382382e-02
   1.3534230453542295e-02    -1.775523889820290e-02
   1.6085939517113464e-02    -1.548116443145078e-02
   1.8260607792213612e-02    -1.284422459165195e-02
   2.0007262897637733e-02    -9.906227013684763e-03
   2.1284964718110925e-02    -6.736035870645463e-03
   2.2063765005891123e-02    -3.407957755997490e-03
   2.2325409342313283e-02    -5.468148218143675e-18
   2.2063765005891123e-02     3.407957755997498e-03
   2.4164435782502772e-02     5.654695861443131e-03
   2.3018053559820131e-02     9.277109048048007e-03
   2.1332147670892827e-02     1.268207466147965e-02
   1.9146234320849744e-02     1.578978319367425e-02
   1.6511549465921652e-02     1.852739259060877e-02
   1.3489847886052727e-02     2.083073560830921e-02
   1.0151955705199611e-02     2.264582383866367e-02
   6.5761102870152558e-03     2.393011315195009e-02
   2.8461264173558938e-03     2.465350089517818e-02
  -9.5056824326140066e-04     2.479903147276170e-02
  -4.7249823899209306e-03     2.436329377130809e-02
  -8.3886469540700934e-03     2.335650111322526e-02
  -1.1855688743503302e-02     2.180225186510081e-02
  -1.5044843237204607e-02     1.973697631199017e-02
  -1.7881359356843669e-02     1.720908276241189e-02
  -2.0298751568695705e-02     1.427782289862485e-02
  -2.2240358248201544e-02     1.101190296741558e-02
  -2.3660669780423079e-02     7.487873363906242e-03
  -2.4526395266845271e-02     3.788334355174110e-03
  -2.4817242835821277e-02    -7.981834061361888e-18
  -2.4526395266845271e-02    -3.788334355174114e-03
  -2.3660669780423079e-02    -7.487873363906245e-03
  -2.2240358248201534e-02    -1.101190296741559e-02
  -2.0298751568695695e-02    -1.427782289862486e-02
  -1.7881359356843655e-02    -1.720908276241190e-02
  -1.5044843237204605e-02    -1.973697631199018e-02
  -1.1855688743503286e-02    -2.180225186510082e-02
  -8.3886469540700673e-03    -2.335650111322527e-02
  -4.7249823899209046e-03    -2.436329377130809e-02
  -9.5056824326138461e-04    -2.479903147276170e-02
   2.8461264173559207e-03    -2.465350089517818e-02
   6.5761102870152714e-03    -2.393011315195008e-02
   1.0151955705199625e-02    -2.264582383866366e-02
   1.3489847886052751e-02    -2.083073560830919e-02
   1.6511549465921663e-02    -1.852739259060876e-02
   1.9146234320849762e-02    -1.578978319367423e-02
   2.1332147670892834e-02    -1.268207466147964e-02
   2.3018053559820138e-02    -9.277109048047991e-03
   2.4164435782502779e-02    -5.654695861443106e-03
   2.4744424111269585e-02    -1.899741396543981e-03
   2.4744424111269585e-02     1.899741396544013e-03
   2.6237756278882009e-02     8.303441880240441e-03
   2.4662746434767280e-02     1.221130377572014e-02
   2.2509662717396170e-02     1.583294306051809e-02
   1.9828971584234713e-02     1.908347157935776e-02
   1.6683506163395777e-02     2.188669969877775e-02
   1.3146993498370953e-02     2.417692212756485e-02
   9.3023264486192907e-03     2.590045799309080e-02
   5.2396207511982776e-03     2.701690907546893e-02
   1.0541027842657976e-03     2.750010670758836e-02
  -3.1561224585137816e-03     2.733872514649152e-02
  -7.2923708658711546e-03     2.653654703918987e-02
  -1.1257692280859441e-02     2.511237476062391e-02
  -1.4959142930361890e-02     2.309958970193079e-02
  -1.8309963948358279e-02     2.054536983892875e-02
  -2.1231614930210960e-02     1.750958392035020e-02
  -2.3655614853181833e-02     1.406338819511380e-02
  -2.5525147213563536e-02     1.028755857015904e-02
  -2.6796391757370877e-02     6.270597291650063e-03
  -2.7439551589953926e-02     2.106658527336619e-03
  -2.7439551589953926e-02    -2.106658527336637e-03
  -2.6796391757370877e-02    -6.270597291650080e-03
  -2.5525147213563533e-02    -1.028755857015906e-02
  -2.3655614853181815e-02    -1.406338819511383e-02
  -2.1231614930210935e-02    -1.750958392035022e-02
  -1.8309963948358265e-02    -2.054536983892876e-02
  -1.4959142930361886e-02    -2.309958970193079e-02
  -1.1257692280859443e-02    -2.511237476062391e-02
  -7.2923708658711485e-03    -2.653654703918987e-02
  -3.1561224585137698e-03    -2.733872514649152e-02
   1.0541027842657972e-03    -2.750010670758836e-02
   5.2396207511982889e-03    -2.701690907546893e-02
   9.3023264486192855e-03    -2.590045799309080e-02
   1.3146993498370958e-02    -2.417692212756485e-02
   1.6683506163395787e-02    -2.188669969877775e-02
   1.9828971584234713e-02    -1.908347157935776e-02
   2.2509662717396173e-02    -1.583294306051809e-02
   2.4662746434767277e-02    -1.221130377572014e-02
   2.6237756278882009e-02    -8.303441880240441e-03
   2.7197775353910738e-02    -4.200954344758890e-03
   2.7520301626409241e-02    -6.740529859670355e-18
   2.7197775353910738e-02     4.200954344758901e-03
   2.9651450794358228e-02     6.938706850091249e-03
   2.8244759722679470e-02     1.138366088610575e-02
   2.6176035422249343e-02     1.556179155929349e-02
   2.3493767037300523e-02     1.937516702789429e-02
   2.0260824665390944e-02     2.273440500299131e-02
   1.6552985735603275e-02     2.556076779360637e-02
   1.2457158849833203e-02     2.778800785144147e-02
   8.0693467188212610e-03     2.936392055726209e-02
   3.4923959399812926e-03     3.025156785292545e-02
  -1.1664136396743005e-03     3.043014403815618e-02
  -5.7978834722222849e-03     2.989546343852662e-02
  -1.0293455830239551e-02     2.866005851411783e-02
  -1.4547758307924586e-02     2.675288610927729e-02
  -1.8461073660980043e-02     2.421864872873009e-02
  -2.1941677094302593e-02     2.111674674875624e-02
  -2.4907986213437820e-02     1.751988612271615e-02
  -2.7290473246760219e-02     1.351237421512649e-02
  -2.9033294717511086e-02     9.188143708491575e-03
  -3.0095600367563004e-02     4.648550900839103e-03
  -3.0452490652847271e-02    -9.794267991581953e-18
  -3.0095600367563004e-02    -4.648550900839109e-03
  -2.9033294717511086e-02    -9.188143708491581e-03
  -2.7290473246760209e-02    -1.351237421512651e-02
  -2.4907986213437809e-02    -1.751988612271617e-02
  -2.1941677094302583e-02    -2.111674674875626e-02
  -1.8461073660980040e-02    -2.421864872873009e-02
  -1.4547758307924569e-02    -2.675288610927730e-02
  -1.0293455830239519e-02    -2.866005851411784e-02
  -5.7978834722222528e-03    -2.989546343852663e-02
  -1.1664136396742808e-03    -3.043014403815618e-02
   3.4923959399813255e-03    -3.025156785292545e-02
   8.0693467188212801e-03    -2.936392055726208e-02
   1.2457158849833221e-02    -2.778800785144146e-02
   1.6552985735603307e-02    -2.556076779360635e-02
   2.0260824665390958e-02    -2.273440500299130e-02
   2.3493767037300543e-02    -1.937516702789426e-02
   2.6176035422249350e-02    -1.556179155929348e-02
   2.8244759722679480e-02    -1.138366088610573e-02
   2.9651450794358235e-02    -6.938706850091219e-03
   3.0363136990821535e-02    -2.331115406485812e-03
   3.0363136990821531e-02     2.331115406485851e-03
   3.2065802616072503e-02     1.014783907342420e-02
   3.0140944627342611e-02     1.492373251718563e-02
   2.7509608442827849e-02     1.934982631951336e-02
   2.4233470352476104e-02     2.332237659306399e-02
   2.0389320256399349e-02     2.674827012640295e-02
   1.6067261774699075e-02     2.954720687876150e-02
   1.1368600294979450e-02     3.165358214493315e-02
   6.4034684599242929e-03     3.301802427395970e-02
   1.2882447514967073e-03     3.360855189878431e-02
  -3.8571743220403407e-03     3.341132355238909e-02
  -8.9121844986581288e-03     3.243096210005054e-02
  -1.3758300624244674e-02     3.069044638329567e-02
  -1.8281933844193778e-02     2.823057261533247e-02
  -2.2377054029883593e-02     2.510899815238966e-02
  -2.5947675035024449e-02     2.139889005415482e-02
  -2.8910104529573856e-02     1.718721010990878e-02
  -3.1194905677018402e-02     1.257267652789025e-02
  -3.2748524674969630e-02     7.663450064164458e-03
  -3.3534546010901979e-02     2.574598826173729e-03
  -3.3534546010901979e-02    -2.574598826173751e-03
  -3.2748524674969630e-02    -7.663450064164480e-03
  -3.1194905677018395e-02    -1.257267652789027e-02
  -2.8910104529573835e-02    -1.718721010990881e-02
  -2.5947675035024421e-02    -2.139889005415485e-02
  -2.2377054029883579e-02    -2.510899815238968e-02
  -1.8281933844193774e-02    -2.823057261533247e-02
  -1.3758300624244676e-02    -3.069044638329566e-02
  -8.9121844986581201e-03    -3.243096210005054e-02
  -3.8571743220403268e-03    -3.341132355238909e-02
   1.2882447514967067e-03    -3.360855189878431e-02
   6.4034684599243068e-03    -3.301802427395970e-02
   1.1368600294979443e-02    -3.165358214493315e-02
   1.6067261774699082e-02    -2.954720687876150e-02
   2.0389320256399359e-02    -2.674827012640294e-02
   2.4233470352476104e-02    -2.332237659306399e-02
   2.7509608442827852e-02    -1.934982631951335e-02
   3.0140944627342608e-02    -1.492373251718564e-02
   3.2065802616072503e-02    -1.014783907342420e-02
   3.3239065369195672e-02    -5.134088882691254e-03
   3.3633232602190311e-02    -8.237766130250154e-18
   3.3239065369195672e-02     5.134088882691267e-03
   3.6108128276051969e-02     8.449627600032516e-03
   3.4395126709510816e-02     1.386248148116890e-02
   3.1875932524856293e-02     1.895041054568115e-02
   2.8609593498606738e-02     2.359415804862581e-02
   2.4672669849116844e-02     2.768487848439172e-02
   2.0157439729948903e-02     3.112668883309840e-02
   1.5169736308164643e-02     3.383891597731532e-02
   9.8264671245892575e-03     3.575798761155920e-02
   4.2528738801408447e-03     3.683892232325303e-02
  -1.4204031234893199e-03     3.705638391891250e-02
  -7.0603870817827563e-03     3.640527528304724e-02
  -1.2534881550985819e-02     3.490085785022785e-02
  -1.7715569020706701e-02     3.257839388999452e-02
  -2.2481018567602245e-02     2.949231998914596e-02
  -2.6719532093300975e-02     2.571497110428309e-02
  -3.0331762433157963e-02     2.133488509173467e-02
  -3.3233041969591440e-02     1.645472745524608e-02
  -3.5355367169277910e-02     1.118888495358678e-02
  -3.6648992528336151e-02     5.660784471874548e-03
  -3.7083596564775848e-02    -1.192699431345735e-17
  -3.6648992528336151e-02    -5.660784471874554e-03
  -3.5355367169277910e-02    -1.118888495358679e-02
  -3.3233041969591426e-02    -1.645472745524610e-02
  -3.0331762433157952e-02    -2.133488509173469e-02
  -2.6719532093300958e-02    -2.571497110428311e-02
  -2.2481018567602241e-02    -2.949231998914596e-02
  -1.7715569020706676e-02    -3.257839388999453e-02
  -1.2534881550985779e-02    -3.490085785022785e-02
  -7.0603870817827173e-03    -3.640527528304725e-02
  -1.4204031234892960e-03    -3.705638391891250e-02
   4.2528738801408845e-03    -3.683892232325303e-02
   9.8264671245892801e-03    -3.575798761155920e-02
   1.5169736308164662e-02    -3.383891597731532e-02
   2.0157439729948941e-02    -3.112668883309837e-02
   2.4672669849116861e-02    -2.768487848439171e-02
   2.8609593498606763e-02    -2.359415804862578e-02
   3.1875932524856307e-02    -1.895041054568114e-02
   3.4395126709510830e-02    -1.386248148116888e-02
   3.6108128276051976e-02    -8.449627600032478e-03
   3.6974785919632838e-02    -2.838721609523610e-03
   3.6974785919632838e-02     2.838721609523658e-03
   3.8923778303454649e-02     1.231817718964921e-02
   3.6587247185989276e-02     1.811550027030445e-02
   3.3393142004397046e-02     2.348821137860979e-02
   2.9416329876936459e-02     2.831037871988534e-02
   2.4750023909285539e-02     3.246897477873108e-02
   1.9503598358348480e-02     3.586652558819027e-02
   1.3800024992375157e-02     3.842339543691971e-02
   7.7729907369393563e-03     4.007965346276756e-02
   1.5637641667111510e-03     4.079647838138718e-02
  -4.6821157101997156e-03     4.055706842423872e-02
  -1.0818250763240765e-02     3.936703515780331e-02
  -1.6700815187515608e-02     3.725427195322074e-02
  -2.2191926658749632e-02     3.426830018931138e-02
  -2.7162878178107412e-02     3.047910851342895e-02
  -3.1497154855158319e-02     2.597551236688619e-02
  -3.5093164918154826e-02     2.086307222628701e-02
  -3.7866620939057100e-02     1.526161935542370e-02
  -3.9752515459407514e-02     9.302447062017997e-03
  -4.0706644710059137e-02     3.125233293867108e-03
  -4.0706644710059137e-02    -3.125233293867134e-03
  -3.9752515459407514e-02    -9.302447062018023e-03
  -3.7866620939057093e-02    -1.526161935542373e-02
  -3.5093164918154798e-02    -2.086307222628705e-02
  -3.1497154855158291e-02    -2.597551236688623e-02
  -2.7162878178107391e-02    -3.047910851342896e-02
  -2.2191926658749625e-02    -3.426830018931138e-02
  -1.6700815187515611e-02    -3.725427195322073e-02
  -1.0818250763240757e-02    -3.936703515780331e-02
  -4.6821157101996982e-03    -4.055706842423873e-02
   1.5637641667111501e-03    -4.079647838138718e-02
   7.7729907369393728e-03    -4.007965346276756e-02
   1.3800024992375148e-02    -3.842339543691971e-02
   1.9503598358348487e-02    -3.586652558819026e-02
   2.4750023909285553e-02    -3.246897477873107e-02
   2.9416329876936459e-02    -2.831037871988534e-02
   3.3393142004397053e-02    -2.348821137860978e-02
   3.6587247185989276e-02    -1.811550027030446e-02
   3.8923778303454649e-02    -1.231817718964921e-02
   4.0347969047751717e-02    -6.232126476071417e-03
   4.0826437594922250e-02    -9.999593224242139e-18
   4.0347969047751717e-02     6.232126476071433e-03
   4.3705826480364675e-02     1.022755748753809e-02
   4.1632383385905095e-02     1.677935797644402e-02
   3.8583112510851780e-02     2.293786453590645e-02
   3.4629486180073846e-02     2.855872699187968e-02
   2.9864174043826418e-02     3.351019709241780e-02
   2.4398870979691865e-02     3.767621657503566e-02
   1.8361679059317446e-02     4.095913747401507e-02
   1.1894104944430101e-02     4.328201090595867e-02
   5.1477430906212126e-03     4.459039068639793e-02
  -1.7192774982071148e-03     4.485360950221064e-02
  -8.5459996796695015e-03     4.406549772744807e-02
  -1.5172410871893903e-02     4.224452803413808e-02
  -2.1443193612820224e-02     3.943338240850952e-02
  -2.7211366069870166e-02     3.569795172141058e-02
  -3.2341727169526761e-02     3.112579130214262e-02
  -3.6714025595906453e-02     2.582406871574981e-02
  -4.0225778379683233e-02     1.991705184612551e-02
  -4.2794673012028994e-02     1.354319616213837e-02
  -4.4360496780055686e-02     6.851899438791493e-03
  -4.4886548101771451e-02    -1.443661493365170e-17
  -4.4360496780055686e-02    -6.851899438791502e-03
  -4.2794673012028994e-02    -1.354319616213838e-02
  -4.0225778379683212e-02    -1.991705184612554e-02
  -3.6714025595906440e-02    -2.582406871574983e-02
  -3.2341727169526741e-02    -3.112579130214264e-02
  -2.7211366069870159e-02    -3.569795172141059e-02
  -2.1443193612820197e-02    -3.943338240850953e-02
  -1.5172410871893855e-02    -4.224452803413809e-02
  -8.5459996796694547e-03    -4.406549772744808e-02
  -1.7192774982070858e-03    -4.485360950221064e-02
   5.1477430906212611e-03    -4.459039068639793e-02
   1.1894104944430129e-02    -4.328201090595866e-02
   1.8361679059317470e-02    -4.095913747401506e-02
   2.4398870979691911e-02    -3.767621657503564e-02
   2.9864174043826439e-02    -3.351019709241779e-02
   3.4629486180073873e-02    -2.855872699187964e-02
   3.8583112510851794e-02    -2.293786453590643e-02
   4.1632383385905108e-02    -1.677935797644399e-02
   4.3705826480364682e-02    -1.022755748753805e-02
   4.4754842045465260e-02    -3.436031719600005e-03
   4.4754842045465253e-02     3.436031719600063e-03
   4.6993691925897987e-02     1.487205634113944e-02
   4.4172737016191899e-02     2.187131557859714e-02
   4.0316410589902041e-02     2.835792971616000e-02
   3.5515101669989946e-02     3.417985801624274e-02
   2.9881348868137612e-02     3.920063941392904e-02
   2.3547202575073010e-02     4.330259104867410e-02
   1.6661129811332127e-02     4.638956665081250e-02
   9.3845342861324076e-03     4.838921012862930e-02
   1.8879732312281751e-03     4.925465153382370e-02
  -5.6528403160441363e-03     4.896560565337205e-02
  -1.3061156077433664e-02     4.752884747772823e-02
  -2.0163329410490694e-02     4.497805340078955e-02
  -2.6792891391811333e-02     4.137301187376667e-02
  -3.2794450707509644e-02     3.679822201456145e-02
  -3.8027335893911433e-02     3.136091302006162e-02
  -4.2368892557435235e-02     2.518853080464887e-02
  -4.5717358289620869e-02     1.842575077598386e-02
  -4.7994247891733843e-02     1.123108676607197e-02
  -4.9146193001302782e-02     3.773175601391073e-03
  -4.9146193001302782e-02    -3.773175601391105e-03
  -4.7994247891733836e-02    -1.123108676607200e-02
  -4.5717358289620855e-02    -1.842575077598389e-02
  -4.2368892557435207e-02    -2.518853080464891e-02
  -3.8027335893911399e-02    -3.136091302006166e-02
  -3.2794450707509623e-02    -3.679822201456148e-02
  -2.6792891391811329e-02    -4.137301187376667e-02
  -2.0163329410490698e-02    -4.497805340078955e-02
  -1.3061156077433652e-02    -4.752884747772823e-02
  -5.6528403160441163e-03    -4.896560565337206e-02
   1.8879732312281740e-03    -4.925465153382370e-02
   9.3845342861324284e-03    -4.838921012862930e-02
   1.6661129811332116e-02    -4.638956665081250e-02
   2.3547202575073017e-02    -4.330259104867410e-02
   2.9881348868137630e-02    -3.920063941392902e-02
   3.5515101669989946e-02    -3.417985801624274e-02
   4.0316410589902048e-02    -2.835792971615999e-02
   4.4172737016191892e-02    -2.187131557859716e-02
   4.6993691925897987e-02    -1.487205634113944e-02
   4.8713154526867315e-02    -7.524208708015864e-03
   4.9290822073082080e-02    -1.207276949582834e-17
   4.8713154526867315e-02     7.524208708015883e-03
   5.2646186002344969e-02     1.231968223002275e-02
   5.0148604338599571e-02     2.021170338523780e-02
   4.6475581893143457e-02     2.762997934374830e-02
   4.1713211198988645e-02     3.440063200452587e-02
   3.5973118188807898e-02     4.036496300774100e-02
   2.9389845777682617e-02     4.538317348981087e-02
   2.2117700291206646e-02     4.933764085027373e-02
   1.4327134655998235e-02     5.213567572585144e-02
   6.2007531275694869e-03     5.371169455056485e-02
  -2.0709687986548483e-03     5.402875677893430e-02
  -1.0294148971510472e-02     5.307943074105629e-02
  -1.8276043017389994e-02     5.088596783464723e-02
  -2.5829562104997626e-02     4.749978097114041e-02
  -3.2777658148985776e-02     4.300023950061752e-02
  -3.8957473667016511e-02     3.749280886151312e-02
  -4.4224159021115893e-02     3.110657856012607e-02
  -4.8454267570419374e-02     2.399123642200308e-02
  -5.1548649155805010e-02     1.631356003617740e-02
  -5.3434774095587605e-02     8.253507629836045e-03
  -5.4068433219783996e-02    -1.738973441865267e-17
  -5.3434774095587605e-02    -8.253507629836055e-03
  -5.1548649155805010e-02    -1.631356003617741e-02
  -4.8454267570419353e-02    -2.399123642200312e-02
  -4.4224159021115879e-02    -3.110657856012610e-02
  -3.8957473667016483e-02    -3.749280886151315e-02
  -3.2777658148985769e-02    -4.300023950061753e-02
  -2.5829562104997594e-02    -4.749978097114042e-02
  -1.8276043017389935e-02    -5.088596783464724e-02
  -1.0294148971510415e-02    -5.307943074105630e-02
  -2.0709687986548136e-03    -5.402875677893430e-02
   6.2007531275695450e-03    -5.371169455056485e-02
   1.4327134655998268e-02    -5.213567572585144e-02
   2.2117700291206677e-02    -4.933764085027371e-02
   2.9389845777682673e-02    -4.538317348981084e-02
   3.5973118188807926e-02    -4.036496300774099e-02
   4.1713211198988680e-02    -3.440063200452583e-02
   4.6475581893143471e-02    -2.762997934374828e-02
   5.0148604338599592e-02    -2.021170338523777e-02
   5.2646186002344983e-02    -1.231968223002270e-02
   5.3909785687033501e-02    -4.138898165014400e-03
   5.3909785687033494e-02     4.138898165014469e-03
   5.6489716531747204e-02     1.787725570231599e-02
   5.3098730706470559e-02     2.629085663581283e-02
   4.8463155637831448e-02     3.408822217286300e-02
   4.2691645276507546e-02     4.108658867401861e-02
   3.5919478933662936e-02     4.712192036003295e-02
   2.8305390448551872e-02     5.205275417149578e-02
   2.0027847601863213e-02     5.576351554304736e-02
   1.1280868982203342e-02     5.816722737323402e-02
   2.2694763548218172e-03     5.920754869404785e-02
  -6.7951108747977699e-03     5.886009525546444e-02
  -1.5700426464781019e-02     5.713301107159631e-02
  -2.4237737365494200e-02     5.406677753190465e-02
  -3.2206936245313747e-02     4.973326455174081e-02
  -3.9421231836876507e-02     4.423404600244450e-02
  -4.5711527166069625e-02     3.769801890588976e-02
  -5.0930383041783871e-02     3.027838219754017e-02
  -5.4955473905589657e-02     2.214904587324695e-02
  -5.7692455039148188e-02     1.350055468634558e-02
  -5.9077173924446495e-02     4.535621940135821e-03
  -5.9077173924446495e-02    -4.535621940135859e-03
  -5.7692455039148181e-02    -1.350055468634562e-02
  -5.4955473905589643e-02    -2.214904587324698e-02
  -5.0930383041783836e-02    -3.027838219754022e-02
  -4.5711527166069577e-02    -3.769801890588981e-02
  -3.9421231836876486e-02    -4.423404600244453e-02
  -3.2206936245313740e-02    -4.973326455174081e-02
  -2.4237737365494203e-02    -5.406677753190464e-02
  -1.5700426464781009e-02    -5.713301107159631e-02
  -6.7951108747977447e-03    -5.886009525546445e-02
   2.2694763548218159e-03    -5.920754869404785e-02
   1.1280868982203368e-02    -5.816722737323402e-02
   2.0027847601863200e-02    -5.576351554304736e-02
   2.8305390448551879e-02    -5.205275417149578e-02
   3.5919478933662957e-02    -4.712192036003292e-02
   4.2691645276507546e-02    -4.108658867401861e-02
   4.8463155637831455e-02    -3.408822217286298e-02
   5.3098730706470552e-02    -2.629085663581285e-02
   5.6489716531747204e-02    -1.787725570231599e-02
   5.8556631279983215e-02    -9.044627047216147e-03
   5.9251028221315644e-02    -1.451231641148474e-17
   5.8556631279983215e-02     9.044627047216170e-03
   6.3166481259254878e-02     1.478152618060585e-02
   6.0169807476477814e-02     2.425061110873968e-02
   5.5762804404016077e-02     3.315128226634950e-02
   5.0048768458685576e-02     4.127491546536000e-02
   4.3161631800052572e-02     4.843109962885857e-02
   3.5262823074129056e-02     5.445209986535327e-02
   2.6537483662730881e-02     5.919678903246380e-02
   1.7190128126406409e-02     6.255395563752515e-02
   7.4398505564759777e-03     6.444491054071716e-02
  -2.4848108047733270e-03     6.482533136180806e-02
  -1.2351230306786722e-02     6.368630135918121e-02
  -2.1928147438826436e-02     6.105451843070113e-02
  -3.0991087380335954e-02     5.699166933761561e-02
  -3.9327622500478027e-02     5.159298381915538e-02
  -4.6742351481756046e-02     4.498500248815945e-02
  -5.3061479361281694e-02     3.732261082636115e-02
  -5.8136891137403335e-02     2.878540879997100e-02
  -6.1849623459808212e-02     1.957350118869067e-02
  -6.4112653029625169e-02     9.902807299277746e-03
  -6.4872936351792601e-02    -2.086472765966970e-17
  -6.4112653029625169e-02    -9.902807299277758e-03
  -6.1849623459808212e-02    -1.957350118869068e-02
  -5.8136891137403314e-02    -2.878540879997104e-02
  -5.3061479361281673e-02    -3.732261082636119e-02
  -4.6742351481756018e-02    -4.498500248815948e-02
  -3.9327622500478020e-02    -5.159298381915538e-02
  -3.0991087380335916e-02    -5.699166933761563e-02
  -2.1928147438826366e-02    -6.105451843070115e-02
  -1.2351230306786655e-02    -6.368630135918123e-02
  -2.4848108047732850e-03    -6.482533136180806e-02
   7.4398505564760480e-03    -6.444491054071715e-02
   1.7190128126406450e-02    -6.255395563752514e-02
   2.6537483662730916e-02    -5.919678903246378e-02
   3.5262823074129118e-02    -5.445209986535322e-02
   4.3161631800052599e-02    -4.843109962885855e-02
   5.0048768458685618e-02    -4.127491546535995e-02
   5.5762804404016091e-02    -3.315128226634948e-02
   6.0169807476477835e-02    -2.425061110873964e-02
   6.3166481259254892e-02    -1.478152618060579e-02
   6.4682586258741903e-02    -4.965974807039231e-03
   6.4682586258741889e-02     4.965974807039314e-03
   6.7663873720258921e-02     2.141353234843138e-02
   6.3602121409291709e-02     3.149141671481581e-02
   5.8049589279149057e-02     4.083116896429205e-02
   5.1136423976853494e-02     4.921387322013932e-02
   4.3024664237763646e-02     5.644304599945121e-02
   3.3904442834955022e-02     6.234924161944338e-02
   2.3989530028168265e-02     6.679402386064248e-02
   1.3512322970104025e-02     6.967321079453753e-02
   2.7183985141344342e-03     7.091931671968375e-02
  -8.1392428989987275e-03     7.050313396934609e-02
  -1.8806107357081759e-02     6.843441751445233e-02
  -2.9032172598032254e-02     6.476165631534241e-02
  -3.8577748319813289e-02     5.957093678163544e-02
  -4.7219094317961195e-02     5.298392497975162e-02
  -5.4753664766344586e-02     4.515501488343480e-02
  -6.1004855719659107e-02     3.626770950986619e-02
  -6.5826144560222857e-02     2.653031976447147e-02
  -6.9104524363947956e-02     1.617108180985385e-02
  -7.0763152686860953e-02     5.432807403586625e-03
  -7.0763152686860953e-02    -5.432807403586671e-03
  -6.9104524363947956e-02    -1.617108180985389e-02
  -6.5826144560222843e-02    -2.653031976447151e-02
  -6.1004855719659072e-02    -3.626770950986626e-02
  -5.4753664766344530e-02    -4.515501488343487e-02
  -4.7219094317961161e-02    -5.298392497975165e-02
  -3.8577748319813282e-02    -5.957093678163544e-02
  -2.9032172598032258e-02    -6.476165631534239e-02
  -1.8806107357081745e-02    -6.843441751445233e-02
  -8.1392428989986963e-03    -7.050313396934609e-02
   2.7183985141344324e-03    -7.091931671968375e-02
   1.3512322970104055e-02    -6.967321079453753e-02
   2.3989530028168251e-02    -6.679402386064248e-02
   3.3904442834955036e-02    -6.234924161944337e-02
   4.3024664237763667e-02    -5.644304599945119e-02
   5.1136423976853494e-02    -4.921387322013932e-02
   5.8049589279149064e-02    -4.083116896429204e-02
   6.3602121409291695e-02    -3.149141671481583e-02
   6.7663873720258921e-02    -2.141353234843138e-02
   7.0139642180463244e-02    -1.083373293306811e-02
   7.0971396875561518e-02    -1.738297880293457e-17
   7.0139642180463244e-02     1.083373293306814e-02
   7.5545917681297786e-02     1.767842592752285e-02
   7.1961952476995536e-02     2.900327252712991e-02
   6.6691260098755117e-02     3.964830700073493e-02
   5.9857381108690787e-02     4.936401876258942e-02
   5.1620495838202399e-02     5.792267976365097e-02
   4.2173669896769968e-02     6.512368224403939e-02
   3.1738328877702331e-02     7.079824080890104e-02
   2.0559068329901450e-02     7.481334861500838e-02
   8.8979206455059995e-03     7.707489493843382e-02
  -2.9717867572922867e-03     7.752987105015405e-02
  -1.4771837997269296e-02     7.616761269573023e-02
  -2.6225649874619662e-02     7.302005005639339e-02
  -3.7064754746738988e-02     6.816095933265921e-02
  -4.7035093182224132e-02     6.170423349271772e-02
  -5.5902968898614326e-02     5.380121271779005e-02
  -6.3460526405180268e-02     4.463713711655075e-02
  -6.9530622959456764e-02     3.442680485398255e-02
  -7.3970980642986878e-02     2.340953746444373e-02
  -7.6677521235141294e-02     1.184357035774223e-02
  -7.7586805718397336e-02    -2.495381991836311e-17
  -7.6677521235141294e-02    -1.184357035774225e-02
  -7.3970980642986878e-02    -2.340953746444374e-02
  -6.9530622959456750e-02    -3.442680485398260e-02
  -6.3460526405180240e-02    -4.463713711655079e-02
  -5.5902968898614291e-02    -5.380121271779009e-02
  -4.7035093182224118e-02    -6.170423349271772e-02
  -3.7064754746738947e-02    -6.816095933265924e-02
  -2.6225649874619578e-02    -7.302005005639341e-02
  -1.4771837997269215e-02    -7.616761269573025e-02
  -2.9717867572922369e-03    -7.752987105015405e-02
   8.8979206455060827e-03    -7.707489493843381e-02
   2.0559068329901495e-02    -7.481334861500837e-02
   3.1738328877702372e-02    -7.079824080890103e-02
   4.2173669896770044e-02    -6.512368224403935e-02
   5.1620495838202433e-02    -5.792267976365095e-02
   5.9857381108690842e-02    -4.936401876258936e-02
   6.6691260098755145e-02    -3.964830700073490e-02
   7.1961952476995564e-02    -2.900327252712986e-02
   7.5545917681297800e-02    -1.767842592752277e-02
   7.7359150604901061e-02    -5.939212007713628e-03
   7.7359150604901061e-02     5.939212007713726e-03
   8.0812722218045821e-02     2.557473798404195e-02
   7.5961665913144641e-02     3.761101709530379e-02
   6.9330132541361861e-02     4.876572584347157e-02
   6.1073559624305031e-02     5.877740730978097e-02
   5.1385474233203249e-02     6.741139616616941e-02
   4.0492956878383543e-02     7.446531903167275e-02
   2.8651318934573296e-02     7.977383793295140e-02
   1.6138118358668480e-02     8.321252568625136e-02
   3.2466539664713404e-03     8.470078236513184e-02
  -9.7209092429635883e-03     8.420372449442778e-02
  -2.2460622578804088e-02     8.173300268934178e-02
  -3.4673877958138338e-02     7.734652857489832e-02
  -4.6074407026349976e-02     7.114711738653694e-02
  -5.6394991044720538e-02     6.328007806813550e-02
  -6.5393724271180786e-02     5.392980735352403e-02
  -7.2859684025875046e-02     4.331546766333112e-02
  -7.8617874540007376e-02     3.168585012359768e-02
  -8.2533328708342471e-02     1.931354311264832e-02
  -8.4514271603759641e-02     6.488543020538562e-03
  -8.4514271603759641e-02    -6.488543020538616e-03
  -8.2533328708342471e-02    -1.931354311264838e-02
  -7.8617874540007363e-02    -3.168585012359772e-02
  -7.2859684025874991e-02    -4.331546766333119e-02
  -6.5393724271180717e-02    -5.392980735352411e-02
  -5.6394991044720504e-02    -6.328007806813553e-02
  -4.6074407026349962e-02    -7.114711738653694e-02
  -3.4673877958138345e-02    -7.734652857489831e-02
  -2.2460622578804067e-02    -8.173300268934178e-02
  -9.7209092429635536e-03    -8.420372449442780e-02
   3.2466539664713387e-03    -8.470078236513184e-02
   1.6138118358668518e-02    -8.321252568625136e-02
   2.8651318934573278e-02    -7.977383793295140e-02
   4.0492956878383557e-02    -7.446531903167275e-02
   5.1385474233203284e-02    -6.741139616616938e-02
   6.1073559624305031e-02    -5.877740730978097e-02
   6.9330132541361875e-02    -4.876572584347155e-02
   7.5961665913144627e-02    -3.761101709530381e-02
   8.0812722218045821e-02    -2.557473798404195e-02
   8.3769596807843169e-02    -1.293900869057690e-02
   8.4762983048282545e-02    -2.076094317525212e-17
   8.3769596807843169e-02     1.293900869057693e-02
   9.0113041738652089e-02     2.108726430726666e-02
   8.5837999274972834e-02     3.459582182614451e-02
   7.9550986861202724e-02     4.729348260347641e-02
   7.1399366739695894e-02     5.888262423267989e-02
   6.1574205977107652e-02     6.909160705646739e-02
   5.0305798014292920e-02     7.768114117018193e-02
   3.7858264783240433e-02     8.444989517434957e-02
   2.4523365912846016e-02     8.923921521204249e-02
   1.0613660130495643e-02     9.193684368081656e-02
  -3.5448208495923715e-03     9.247955045576763e-02
  -1.7620214233416771e-02     9.085461495006773e-02
  -3.1282604729810981e-02     8.710012427473902e-02
  -4.4211757485244647e-02     8.130408050905248e-02
  -5.6104624117372173e-02     7.360233800637690e-02
  -6.6682445912262855e-02     6.417541908328074e-02
  -7.5697287692390397e-02     5.324428272943542e-02
  -8.2937849207054243e-02     4.106514551617352e-02
  -8.8234417831166020e-02     2.792347609721588e-02
  -9.1462846485339949e-02     1.412730406538036e-02
  -9.2547463538211430e-02    -2.976553445718409e-17
  -9.1462846485339949e-02    -1.412730406538038e-02
  -8.8234417831166020e-02    -2.792347609721589e-02
  -8.2937849207054215e-02    -4.106514551617358e-02
  -7.5697287692390369e-02    -5.324428272943547e-02
  -6.6682445912262814e-02    -6.417541908328078e-02
  -5.6104624117372166e-02    -7.360233800637692e-02
  -4.4211757485244592e-02    -8.130408050905251e-02
  -3.1282604729810884e-02    -8.710012427473905e-02
  -1.7620214233416674e-02    -9.085461495006775e-02
  -3.5448208495923116e-03    -9.247955045576763e-02
   1.0613660130495743e-02    -9.193684368081656e-02
   2.4523365912846075e-02    -8.923921521204248e-02
   3.7858264783240482e-02    -8.444989517434956e-02
   5.0305798014293017e-02    -7.768114117018188e-02
   6.1574205977107693e-02    -6.909160705646736e-02
   7.1399366739695963e-02    -5.888262423267982e-02
   7.9550986861202738e-02    -4.729348260347638e-02
   8.5837999274972862e-02    -3.459582182614446e-02
   9.0113041738652103e-02    -2.108726430726656e-02
   9.2275910880249792e-02    -7.084439185762866e-03
   9.2275910880249792e-02     7.084439185762984e-03
   9.6285228457308816e-02     3.047130973864673e-02
   9.0505382762760780e-02     4.481207010651105e-02
   8.2604167605058940e-02     5.810247353202813e-02
   7.2766780770740391e-02     7.003100422332743e-02
   6.1223802269419127e-02     8.031806753115869e-02
   4.8245789733791192e-02     8.872254341049690e-02
   3.4136936778038383e-02     9.504743807003380e-02
   1.9227942957334265e-02     9.914450133968196e-02
   3.8682624505589898e-03     1.009177015289106e-01
  -1.1582086849470168e-02     1.003254763281791e-01
  -2.6760961850269372e-02     9.738170699424573e-02
  -4.1312582586837739e-02     9.215539298527467e-02
  -5.4895871402491886e-02     8.476903467201791e-02
  -6.7192447520054696e-02     7.539576203295111e-02
  -7.7914089617425103e-02     6.425527663431657e-02
  -8.6809491491083121e-02     5.160870201162074e-02
  -9.3670152460503281e-02     3.775246315527996e-02
  -9.8335264447388951e-02     2.301133856008341e-02
  -1.0069548118073311e-01     7.730847692544660e-03
  -1.0069548118073311e-01    -7.730847692544725e-03
  -9.8335264447388937e-02    -2.301133856008348e-02
  -9.3670152460503253e-02    -3.775246315528002e-02
  -8.6809491491083066e-02    -5.160870201162083e-02
  -7.7914089617425020e-02    -6.425527663431665e-02
  -6.7192447520054654e-02    -7.539576203295116e-02
  -5.4895871402491872e-02    -8.476903467201791e-02
  -4.1312582586837746e-02    -9.215539298527466e-02
  -2.6760961850269348e-02    -9.738170699424573e-02
  -1.1582086849470125e-02    -1.003254763281791e-01
   3.8682624505589880e-03    -1.009177015289106e-01
   1.9227942957334307e-02    -9.914450133968196e-02
   3.4136936778038356e-02    -9.504743807003380e-02
   4.8245789733791206e-02    -8.872254341049689e-02
   6.1223802269419154e-02    -8.031806753115867e-02
   7.2766780770740391e-02    -7.003100422332743e-02
   8.2604167605058954e-02    -5.810247353202811e-02
   9.0505382762760780e-02    -4.481207010651108e-02
   9.6285228457308816e-02    -3.047130973864673e-02
   9.9808230004392873e-02    -1.541632769679302e-02
   1.0099181123370696e-01    -2.473585967349059e-17
   9.9808230004392873e-02     1.541632769679306e-02
   1.0725446046466966e-01     2.509851085163916e-02
   1.0216621392389398e-01     4.117668355992701e-02
   9.4683277920809730e-02     5.628970970530882e-02
   8.4981046133086741e-02     7.008335276414376e-02
   7.3286930650598894e-02     8.223430143408249e-02
   5.9875031628783014e-02     9.245774777696819e-02
   4.5059712613312049e-02     1.005140628755149e-01
   2.9188232125026411e-02     1.062144135320287e-01
   1.2632604214528572e-02     1.094251883585142e-01
  -4.2191212318589827e-03     1.100711295143650e-01
  -2.0971954052533097e-02     1.081370966863623e-01
  -3.7233222045219880e-02     1.036684219647844e-01
  -5.2621774870582290e-02     9.676984729763187e-02
  -6.6776917893126439e-02     8.760306942814210e-02
  -7.9366866557746815e-02     7.638294986017524e-02
  -9.0096523138490314e-02     6.337247868667212e-02
  -9.8714393579139567e-02     4.887661032477563e-02
  -1.0501848230073400e-01     3.323511564276031e-02
  -1.0886102680673732e-01     1.681461801885648e-02
  -1.1015196111071847e-01    -3.542757271368928e-17
  -1.0886102680673732e-01    -1.681461801885650e-02
  -1.0501848230073400e-01    -3.323511564276033e-02
  -9.8714393579139526e-02    -4.887661032477569e-02
  -9.0096523138490286e-02    -6.337247868667217e-02
  -7.9366866557746774e-02    -7.638294986017528e-02
  -6.6776917893126425e-02    -8.760306942814211e-02
  -5.2621774870582221e-02    -9.676984729763190e-02
  -3.7233222045219762e-02    -1.036684219647844e-01
  -2.0971954052532979e-02    -1.081370966863623e-01
  -4.2191212318589116e-03    -1.100711295143650e-01
   1.2632604214528692e-02    -1.094251883585142e-01
   2.9188232125026480e-02    -1.062144135320287e-01
   4.5059712613312111e-02    -1.005140628755149e-01
   5.9875031628783125e-02    -9.245774777696812e-02
   7.3286930650598936e-02    -8.223430143408245e-02
   8.4981046133086810e-02    -7.008335276414368e-02
   9.4683277920809758e-02    -5.628970970530878e-02
   1.0216621392389402e-01    -4.117668355992695e-02
   1.0725446046466967e-01    -2.509851085163904e-02
   1.0982875335681874e-01    -8.432050321500172e-03
   1.0982875335681873e-01     8.432050321500312e-03
   1.1449202803860491e-01     3.623320113445018e-02
   1.0761925777133168e-01     5.328568950093338e-02
   9.8223983315751551e-02     6.908920646837084e-02
   8.6526421942037982e-02     8.327333099348568e-02
   7.2800754574397539e-02     9.550559921931567e-02
   5.7368699222591510e-02     1.054992971462372e-01
   4.0591970184462645e-02     1.130201809651087e-01
   2.2863799769368497e-02     1.178919675336214e-01
   4.5997212661384500e-03     1.200004663037442e-01
  -1.3772170805026919e-02     1.192962558513861e-01
  -3.1821254865273173e-02     1.157958422726893e-01
  -4.9124475681922374e-02     1.095812722951255e-01
  -6.5276260424562124e-02     1.007982101717434e-01
  -7.9898024948442975e-02     8.965252343453695e-02
  -9.2647047485958062e-02     7.640545753398016e-02
  -1.0322450175439839e-01     6.136751246708978e-02
  -1.1138246119074627e-01     4.489116492066245e-02
  -1.1692971014017951e-01     2.736260651648183e-02
  -1.1973622578895358e-01     9.192691807024731e-03
  -1.1973622578895358e-01    -9.192691807024807e-03
  -1.1692971014017950e-01    -2.736260651648191e-02
  -1.1138246119074624e-01    -4.489116492066253e-02
  -1.0322450175439832e-01    -6.136751246708989e-02
  -9.2647047485957965e-02    -7.640545753398027e-02
  -7.9898024948442919e-02    -8.965252343453700e-02
  -6.5276260424562110e-02    -1.007982101717434e-01
  -4.9124475681922380e-02    -1.095812722951255e-01
  -3.1821254865273145e-02    -1.157958422726893e-01
  -1.3772170805026870e-02    -1.192962558513861e-01
   4.5997212661384474e-03    -1.200004663037442e-01
   2.2863799769368549e-02    -1.178919675336214e-01
   4.0591970184462617e-02    -1.130201809651087e-01
   5.7368699222591524e-02    -1.054992971462371e-01
   7.2800754574397580e-02    -9.550559921931563e-02
   8.6526421942037982e-02    -8.327333099348568e-02
   9.8223983315751565e-02    -6.908920646837081e-02
   1.0761925777133166e-01    -5.328568950093342e-02
   1.1449202803860491e-01    -3.623320113445018e-02
   1.1868120220759634e-01    -1.833143724321264e-02
   1.2008858958636418e-01    -2.941322137021221e-17
   1.1868120220759634e-01     1.833143724321269e-02
   1.2742510188872791e-01     2.981862282155589e-02
   1.2137994226474300e-01     4.892051179346509e-02
   1.1248973967094097e-01     6.687574543203856e-02
   1.0096287292113429e-01     8.326346827893845e-02
   8.7069522002219166e-02     9.769956600022321e-02
   7.1135335284276749e-02     1.098456687007750e-01
   5.3533796598785308e-02     1.194170820278522e-01
   3.4677471094160216e-02     1.261894601654218e-01
   1.5008335058349639e-02     1.300040643099407e-01
  -5.0125836307537289e-03     1.307714833733701e-01
  -2.4916011608021104e-02     1.284737297032972e-01
  -4.4235429391028695e-02     1.231646606982629e-01
  -6.2518006201321877e-02     1.149687164359870e-01
  -7.9335213934060997e-02     1.040780029034170e-01
  -9.4292871493594985e-02     9.074778919521558e-02
  -1.0704038406425095e-01     7.529052422253779e-02
  -1.1727896075566342e-01     5.806851317537293e-02
  -1.2476861800800086e-01     3.948542539596683e-02
  -1.2933380460320762e-01     1.997683271157394e-02
  -1.3086751643676478e-01    -4.209020345777820e-17
  -1.2933380460320762e-01    -1.997683271157397e-02
  -1.2476861800800086e-01    -3.948542539596685e-02
  -1.1727896075566338e-01    -5.806851317537301e-02
  -1.0704038406425091e-01    -7.529052422253786e-02
  -9.4292871493594929e-02    -9.074778919521563e-02
  -7.9335213934060983e-02    -1.040780029034170e-01
  -6.2518006201321794e-02    -1.149687164359870e-01
  -4.4235429391028556e-02    -1.231646606982629e-01
  -2.4916011608020965e-02    -1.284737297032972e-01
  -5.0125836307536439e-03    -1.307714833733701e-01
   1.5008335058349781e-02    -1.300040643099407e-01
   3.4677471094160292e-02    -1.261894601654218e-01
   5.3533796598785377e-02    -1.194170820278522e-01
   7.1135335284276888e-02    -1.098456687007749e-01
   8.7069522002219221e-02    -9.769956600022317e-02
   1.0096287292113437e-01    -8.326346827893835e-02
   1.1248973967094100e-01    -6.687574543203852e-02
   1.2137994226474304e-01    -4.892051179346501e-02
   1.2742510188872794e-01    -2.981862282155576e-02
   1.3048352512494921e-01    -1.001781060380210e-02
   1.3048352512494921e-01     1.001781060380226e-02
   1.3591632387455047e-01     4.301333101323992e-02
   1.2775748796636724e-01     6.325676255508002e-02
   1.1660412482247792e-01     8.201750919657479e-02
   1.0271765982182303e-01     9.885583493731913e-02
   8.6423579934395978e-02     1.133770636934531e-01
   6.8103804582536329e-02     1.252408301705556e-01
   4.8187733773370114e-02     1.341690577376656e-01
   2.7142183326585318e-02     1.399524763078248e-01
   5.4604431072732065e-03     1.424555274515470e-01
  -1.6349285270416420e-02     1.416195417715111e-01
  -3.7775800258379136e-02     1.374641140635085e-01
  -5.8316882505569045e-02     1.300866440310376e-01
  -7.7491066453925950e-02     1.196600533188059e-01
  -9.4848925482985194e-02     1.064287323759395e-01
  -1.0998360608894467e-01     9.070281215099173e-02
  -1.2254036418596108e-01     7.285089488536342e-02
  -1.3222488000685503e-01     5.329141438917744e-02
  -1.3881015670899979e-01     3.248282830741746e-02
  -1.4214184098791877e-01     1.091287226130023e-02
  -1.4214184098791877e-01    -1.091287226130032e-02
  -1.3881015670899977e-01    -3.248282830741756e-02
  -1.3222488000685501e-01    -5.329141438917753e-02
  -1.2254036418596100e-01    -7.285089488536355e-02
  -1.0998360608894456e-01    -9.070281215099185e-02
  -9.4848925482985125e-02    -1.064287323759396e-01
  -7.7491066453925922e-02    -1.196600533188059e-01
  -5.8316882505569052e-02    -1.300866440310376e-01
  -3.7775800258379108e-02    -1.374641140635085e-01
  -1.6349285270416361e-02    -1.416195417715111e-01
   5.4604431072732031e-03    -1.424555274515470e-01
   2.7142183326585377e-02    -1.399524763078248e-01
   4.8187733773370087e-02    -1.341690577376656e-01
   6.8103804582536343e-02    -1.252408301705556e-01
   8.6423579934396019e-02    -1.133770636934530e-01
   1.0271765982182303e-01    -9.885583493731913e-02
   1.1660412482247794e-01    -8.201750919657476e-02
   1.2775748796636721e-01    -6.325676255508006e-02
   1.3591632387455047e-01    -4.301333101323992e-02
   1.4088939634844841e-01    -2.176170344885826e-02
   1.4256014078425372e-01    -3.491716401948647e-17
   1.4088939634844841e-01     2.176170344885832e-02
   1.5116028868749631e-01     3.537287055030937e-02
   1.4398911079256704e-01     5.803282536825190e-02
   1.3344295018017110e-01     7.933253994590453e-02
   1.1976899991655185e-01     9.877276702636800e-02
   1.0328776580638567e-01     1.158978441636487e-01
   8.4385554008368571e-02     1.303063740641910e-01
   6.3505416346274352e-02     1.416606329992300e-01
   4.1136765549718304e-02     1.496944867627518e-01
   1.7803903834582618e-02     1.542196286317183e-01
  -5.9462662965465438e-03     1.551299931160532e-01
  -2.9557060985506260e-02     1.524042420438330e-01
  -5.2475063216368988e-02     1.461062647099509e-01
  -7.4163094441241126e-02     1.363836803651952e-01
  -9.4112805590134574e-02     1.234643781461264e-01
  -1.1185659234231043e-01     1.076511755468669e-01
  -1.2697855537523386e-01     8.931472063369415e-02
  -1.3912424869219472e-01     6.888480436851455e-02
  -1.4800898753605574e-01     4.684028667298976e-02
  -1.5342452115867228e-01     2.369787235783612e-02
  -1.5524391404192361e-01    -4.993025087905404e-17
  -1.5342452115867228e-01    -2.369787235783615e-02
  -1.4800898753605574e-01    -4.684028667298979e-02
  -1.3912424869219467e-01    -6.888480436851464e-02
  -1.2697855537523384e-01    -8.931472063369424e-02
  -1.1185659234231037e-01    -1.076511755468669e-01
  -9.4112805590134560e-02    -1.234643781461264e-01
  -7.4163094441241029e-02    -1.363836803651952e-01
  -5.2475063216368828e-02    -1.461062647099510e-01
  -2.9557060985506093e-02    -1.524042420438330e-01
  -5.9462662965464432e-03    -1.551299931160532e-01
   1.7803903834582784e-02    -1.542196286317183e-01
   4.1136765549718395e-02    -1.496944867627518e-01
   6.3505416346274435e-02    -1.416606329992299e-01
   8.4385554008368724e-02    -1.303063740641909e-01
   1.0328776580638574e-01    -1.158978441636486e-01
   1.1976899991655195e-01    -9.877276702636789e-02
   1.3344295018017113e-01    -7.933253994590447e-02
   1.4398911079256710e-01    -5.803282536825180e-02
   1.5116028868749634e-01    -3.537287055030921e-02
   1.5478839753311033e-01    -1.188380562732234e-02
   1.5478839753311030e-01     1.188380562732253e-02
   1.6112671024787253e-01     5.099164195584791e-02
   1.5145453584039559e-01     7.498991850926090e-02
   1.3823239547973171e-01     9.723049493132442e-02
   1.2177020492936841e-01     1.171920709609438e-01
   1.0245382398310049e-01     1.344067641746319e-01
   8.0736012238503158e-02     1.484710767539575e-01
   5.7125816795706129e-02     1.590553531324195e-01
   3.2176640624814824e-02     1.659115068425236e-01
   6.4732712693338556e-03     1.688788354523114e-01
  -1.9381826078209988e-02     1.678877872941605e-01
  -4.4782629849754653e-02     1.629615916969245e-01
  -6.9133766733618027e-02     1.542157145101528e-01
  -9.1864466720308860e-02     1.418551516824416e-01
  -1.1244194146778719e-01     1.261696243301452e-01
  -1.3038387240863089e-01     1.075267879199650e-01
  -1.4526971588846199e-01     8.636361473642010e-02
  -1.5675056035276919e-01     6.317615162185904e-02
  -1.6455730453802170e-01     3.850789305890471e-02
  -1.6850696497720671e-01     1.293704212042634e-02
  -1.6850696497720671e-01    -1.293704212042645e-02
  -1.6455730453802167e-01    -3.850789305890481e-02
  -1.5675056035276916e-01    -6.317615162185913e-02
  -1.4526971588846188e-01    -8.636361473642024e-02
  -1.3038387240863075e-01    -1.075267879199651e-01
  -1.1244194146778710e-01    -1.261696243301453e-01
  -9.1864466720308846e-02    -1.418551516824416e-01
  -6.9133766733618041e-02    -1.542157145101528e-01
  -4.4782629849754611e-02    -1.629615916969245e-01
  -1.9381826078209919e-02    -1.678877872941605e-01
   6.4732712693338522e-03    -1.688788354523114e-01
   3.2176640624814894e-02    -1.659115068425236e-01
   5.7125816795706087e-02    -1.590553531324195e-01
   8.0736012238503185e-02    -1.484710767539574e-01
   1.0245382398310054e-01    -1.344067641746319e-01
   1.2177020492936841e-01    -1.171920709609438e-01
   1.3823239547973173e-01    -9.723049493132439e-02
   1.5145453584039556e-01    -7.498991850926094e-02
   1.6112671024787253e-01    -5.099164195584791e-02
   1.6702221113180621e-01    -2.579816453350138e-02
   1.6900285294827203e-01    -4.139376058197443e-17
   1.6702221113180621e-01     2.579816453350144e-02
   1.7908994548564316e-01     4.190866208004027e-02
   1.7059375995026210e-01     6.875546230971030e-02
   1.5809900127021298e-01     9.399069277726831e-02
   1.4189853599888980e-01     1.170228610689442e-01
   1.2237208931137475e-01     1.373121126811417e-01
   9.9977344568174337e-02     1.543828847524433e-01
   7.5239215605163848e-02     1.678350528540129e-01
   4.8737543198170231e-02     1.773533095670789e-01
   2.1093504086637675e-02     1.827145550215873e-01
  -7.0449488826606456e-03     1.837931261680652e-01
  -3.5018274221171181e-02     1.805637422129938e-01
  -6.2170800892050467e-02     1.731020971791811e-01
  -8.7866096683547334e-02     1.615830857020225e-01
  -1.1150188564063201e-01     1.462767036474813e-01
  -1.3252416490291624e-01     1.275417196378280e-01
  -1.5044019006214965e-01     1.058172658192127e-01
  -1.6483002467351865e-01     8.161254497635080e-02
  -1.7535638320999095e-01     5.549489525082870e-02
  -1.8177253674919946e-01     2.807649221591928e-02
  -1.8392809609026470e-01    -5.915578744693110e-17
  -1.8177253674919946e-01    -2.807649221591932e-02
  -1.7535638320999095e-01    -5.549489525082874e-02
  -1.6483002467351857e-01    -8.161254497635091e-02
  -1.5044019006214959e-01    -1.058172658192128e-01
  -1.3252416490291616e-01    -1.275417196378280e-01
  -1.1150188564063199e-01    -1.462767036474813e-01
  -8.7866096683547223e-02    -1.615830857020226e-01
  -6.2170800892050272e-02    -1.731020971791812e-01
  -3.5018274221170986e-02    -1.805637422129939e-01
  -7.0449488826605268e-03    -1.837931261680652e-01
   2.1093504086637873e-02    -1.827145550215872e-01
   4.8737543198170342e-02    -1.773533095670789e-01
   7.5239215605163959e-02    -1.678350528540129e-01
   9.9977344568174531e-02    -1.543828847524432e-01
   1.2237208931137483e-01    -1.373121126811417e-01
   1.4189853599888994e-01    -1.170228610689441e-01
   1.5809900127021304e-01    -9.399069277726824e-02
   1.7059375995026216e-01    -6.875546230971019e-02
   1.7908994548564319e-01    -4.190866208004008e-02
   1.8338841448843979e-01    -1.407955833134885e-02
   1.8338841448843976e-01     1.407955833134909e-02
   1.9079226313040132e-01     6.037987590341062e-02
   1.7933931382264467e-01     8.879655174698242e-02
   1.6368280299983906e-01     1.151319116780723e-01
   1.4418970600582784e-01     1.387686771807114e-01
   1.2131692451256776e-01     1.591528225051114e-01
   9.5600577132190168e-02     1.758065605616688e-01
   6.7643433251125859e-02     1.883395418453917e-01
   3.8100784626570558e-02     1.964580038974519e-01
   7.6650859030960644e-03     1.999716568482386e-01
  -2.2950275937321449e-02     1.987981436506195e-01
  -5.3027702761520065e-02     1.929649704593231e-01
  -8.1862205177185357e-02     1.826088619099850e-01
  -1.0877792688668503e-01     1.679725564095711e-01
  -1.3314398618585646e-01     1.493991165538539e-01
  -1.5438926329644115e-01     1.273238880309336e-01
  -1.7201578692962879e-01     1.022642954872917e-01
  -1.8561040631100623e-01     7.480771453262516e-02
  -1.9485447508453901e-01     4.559770415339259e-02
  -1.9953132011308497e-01     1.531892223562641e-02
  -1.9953132011308497e-01    -1.531892223562653e-02
  -1.9485447508453901e-01    -4.559770415339271e-02
  -1.8561040631100620e-01    -7.480771453262529e-02
  -1.7201578692962868e-01    -1.022642954872919e-01
  -1.5438926329644098e-01    -1.273238880309338e-01
  -1.3314398618585635e-01    -1.493991165538540e-01
  -1.0877792688668501e-01    -1.679725564095711e-01
  -8.1862205177185371e-02    -1.826088619099850e-01
  -5.3027702761520017e-02    -1.929649704593231e-01
  -2.2950275937321366e-02    -1.987981436506195e-01
   7.6650859030960600e-03    -1.999716568482386e-01
   3.8100784626570641e-02    -1.964580038974519e-01
   6.7643433251125817e-02    -1.883395418453917e-01
   9.5600577132190195e-02    -1.758065605616688e-01
   1.2131692451256781e-01    -1.591528225051113e-01
   1.4418970600582784e-01    -1.387686771807114e-01
   1.6368280299983909e-01    -1.151319116780722e-01
   1.7933931382264465e-01    -8.879655174698248e-02
   1.9079226313040132e-01    -6.037987590341062e-02
   1.9777320349840488e-01    -3.054794694427252e-02
   2.0011850760120004e-01    -4.901489795679098e-17
   1.9777320349840488e-01     3.054794694427260e-02
   2.1195531686341326e-01     4.959945532625526e-02
   2.0189996901907320e-01     8.137299813469079e-02
   1.8711225702340453e-01     1.112392268354042e-01
   1.6793879231210226e-01     1.384981023410924e-01
   1.4482898464732422e-01     1.625106997134534e-01
   1.1832450833376801e-01     1.827141840222131e-01
   8.9046605832071121e-02     1.986350027188533e-01
   5.7681526362073673e-02     2.098999853069850e-01
   2.4964440802744011e-02     2.162450901424987e-01
  -8.3377900901231254e-03     2.175215933459116e-01
  -4.1444590250060954e-02     2.136995747640497e-01
  -7.3579964341343257e-02     2.048686192730789e-01
  -1.0399068643195025e-01     1.912357169849370e-01
  -1.3196395497101099e-01     1.731204115745457e-01
  -1.5684410025301299e-01     1.509473104469037e-01
  -1.7804795275997923e-01     1.252361322993940e-01
  -1.9507851216069849e-01     9.658952535601012e-02
  -2.0753659657725074e-01     6.567894180376679e-02
  -2.1513019906989470e-01     3.322889952253288e-02
  -2.1768133203224183e-01    -7.001165609056569e-17
  -2.1513019906989470e-01    -3.322889952253292e-02
  -2.0753659657725074e-01    -6.567894180376684e-02
  -1.9507851216069841e-01    -9.658952535601026e-02
  -1.7804795275997914e-01    -1.252361322993941e-01
  -1.5684410025301287e-01    -1.509473104469038e-01
  -1.3196395497101096e-01    -1.731204115745457e-01
  -1.0399068643195011e-01    -1.912357169849370e-01
  -7.3579964341343035e-02    -2.048686192730790e-01
  -4.1444590250060726e-02    -2.136995747640497e-01
  -8.3377900901229849e-03    -2.175215933459116e-01
   2.4964440802744247e-02    -2.162450901424987e-01
   5.7681526362073812e-02    -2.098999853069849e-01
   8.9046605832071246e-02    -1.986350027188533e-01
   1.1832450833376823e-01    -1.827141840222130e-01
   1.4482898464732430e-01    -1.625106997134534e-01
   1.6793879231210240e-01    -1.384981023410922e-01
   1.8711225702340459e-01    -1.112392268354041e-01
   2.0189996901907326e-01    -8.137299813469065e-02
   2.1195531686341332e-01    -4.959945532625504e-02
   2.1704261172547104e-01    -1.666334332352114e-02
   2.1704261172547101e-01     1.666334332352142e-02
   2.2570029725547075e-01     7.142719372396150e-02
   2.1215187542326164e-01     1.050430861069925e-01
   1.9363079344272272e-01     1.361968575820670e-01
   1.7057116977773662e-01     1.641582901505213e-01
   1.4351350246257993e-01     1.882719915319622e-01
   1.1309200028610455e-01     2.079727570038343e-01
   8.0019717475257490e-02     2.227988173210714e-01
   4.5071840308357883e-02     2.324026621958235e-01
   9.0675174057507982e-03     2.365591856440679e-01
  -2.7149340419575708e-02     2.351709622790836e-01
  -6.2729840716181304e-02     2.282705308799423e-01
  -9.6840006713747123e-02     2.160196317101054e-01
  -1.2868032503172622e-01     1.987054154627334e-01
  -1.5750448559534774e-01     1.767337126918151e-01
  -1.8263687451122596e-01     1.506195214879495e-01
  -2.0348840988439759e-01     1.209749363595930e-01
  -2.1957034939865747e-01     8.849480125656908e-02
  -2.3050574602221122e-01     5.394042301680660e-02
  -2.3603828332661511e-01     1.812172697931270e-02
  -2.3603828332661511e-01    -1.812172697931285e-02
  -2.3050574602221119e-01    -5.394042301680675e-02
  -2.1957034939865741e-01    -8.849480125656924e-02
  -2.0348840988439745e-01    -1.209749363595932e-01
  -1.8263687451122576e-01    -1.506195214879497e-01
  -1.5750448559534766e-01    -1.767337126918153e-01
  -1.2868032503172619e-01    -1.987054154627334e-01
  -9.6840006713747137e-02    -2.160196317101054e-01
  -6.2729840716181248e-02    -2.282705308799423e-01
  -2.7149340419575608e-02    -2.351709622790836e-01
   9.0675174057507930e-03    -2.365591856440679e-01
   4.5071840308357980e-02    -2.324026621958235e-01
   8.0019717475257435e-02    -2.227988173210714e-01
   1.1309200028610458e-01    -2.079727570038343e-01
   1.4351350246258002e-01    -1.882719915319621e-01
   1.7057116977773662e-01    -1.641582901505213e-01
   1.9363079344272274e-01    -1.361968575820669e-01
   2.1215187542326161e-01    -1.050430861069926e-01
   2.2570029725547075e-01    -7.142719372396150e-02
   2.3395849541471286e-01    -3.613710845892284e-02
   2.3673290473545958e-01    -5.798283880742718e-17
   2.3395849541471286e-01     3.613710845892293e-02
   2.5062863976190369e-01     5.864936159804563e-02
   2.3873859524755084e-01     9.622029839896819e-02
   2.2125272040604563e-01     1.315359129579621e-01
   1.9858086932333266e-01     1.637684372018915e-01
   1.7125445097302081e-01     1.921623680814993e-01
   1.3991397344044312e-01     2.160521759225474e-01
   1.0529403095600641e-01     2.348779038773038e-01
   6.8206085629043026e-02     2.481982928384562e-01
   2.9519447463732477e-02     2.557011241785932e-01
  -9.8591015306044982e-03     2.572105378902070e-01
  -4.9006561541251069e-02     2.526911545952172e-01
  -8.7005349285406292e-02     2.422489048076066e-01
  -1.2296480538462597e-01     2.261285460119563e-01
  -1.5604207066576617e-01     2.047079257554539e-01
  -1.8546184206562707e-01     1.784891252216358e-01
  -2.1053454507763775e-01     1.480866908729900e-01
  -2.3067249679383439e-01     1.142132300027403e-01
  -2.4540368069412571e-01     7.766270782387120e-02
  -2.5438281031346144e-01     3.929183759746933e-02
  -2.5739942246392161e-01    -8.278596825558352e-17
  -2.5438281031346144e-01    -3.929183759746938e-02
  -2.4540368069412571e-01    -7.766270782387125e-02
  -2.3067249679383431e-01    -1.142132300027405e-01
  -2.1053454507763766e-01    -1.480866908729902e-01
  -1.8546184206562696e-01    -1.784891252216359e-01
  -1.5604207066576614e-01    -2.047079257554539e-01
  -1.2296480538462581e-01    -2.261285460119564e-01
  -8.7005349285406028e-02    -2.422489048076067e-01
  -4.9006561541250798e-02    -2.526911545952172e-01
  -9.8591015306043316e-03    -2.572105378902070e-01
   2.9519447463732758e-02    -2.557011241785931e-01
   6.8206085629043192e-02    -2.481982928384561e-01
   1.0529403095600656e-01    -2.348779038773037e-01
   1.3991397344044337e-01    -2.160521759225472e-01
   1.7125445097302092e-01    -1.921623680814992e-01
   1.9858086932333283e-01    -1.637684372018913e-01
   2.2125272040604568e-01    -1.315359129579620e-01
   2.3873859524755092e-01    -9.622029839896802e-02
   2.5062863976190375e-01    -5.864936159804537e-02
   2.5664416138322210e-01    -1.970373347015857e-02
   2.5664416138322210e-01     1.970373347015890e-02
   2.6677726121101780e-01     8.442678786594010e-02
   2.5076305602795090e-01     1.241606996602985e-01
   2.2887117734849938e-01     1.609843898883486e-01
   2.0161475225421363e-01     1.940347424614575e-01
   1.6963264824782909e-01     2.225370851274914e-01
   1.3367449874048101e-01     2.458233471318239e-01
   9.4583132279907417e-02     2.633477182295940e-01
   5.3274817363638267e-02     2.746994420152379e-01
   1.0717785882006838e-02     2.796124437044952e-01
  -3.2090461416724753e-02     2.779715667018369e-01
  -7.4146535498462229e-02     2.698152717734624e-01
  -1.1446467763180505e-01     2.553347355595377e-01
  -1.5209986473722023e-01     2.348693695557839e-01
  -1.8616995992706248e-01     2.088988645956890e-01
  -2.1587638904655540e-01     1.780319473039385e-01
  -2.4052285857513975e-01     1.429921120602651e-01
  -2.5953167615644451e-01     1.046006629043932e-01
  -2.7245729121749052e-01     6.375746286545314e-02
  -2.7899673829649024e-01     2.141984193526652e-02
  -2.7899673829649024e-01    -2.141984193526670e-02
  -2.7245729121749046e-01    -6.375746286545332e-02
  -2.5953167615644440e-01    -1.046006629043934e-01
  -2.4052285857513958e-01    -1.429921120602653e-01
  -2.1587638904655518e-01    -1.780319473039387e-01
  -1.8616995992706237e-01    -2.088988645956891e-01
  -1.5209986473722020e-01    -2.348693695557839e-01
  -1.1446467763180507e-01    -2.553347355595376e-01
  -7.4146535498462174e-02    -2.698152717734624e-01
  -3.2090461416724642e-02    -2.779715667018369e-01
   1.0717785882006833e-02    -2.796124437044952e-01
   5.3274817363638385e-02    -2.746994420152379e-01
   9.4583132279907348e-02    -2.633477182295940e-01
   1.3367449874048107e-01    -2.458233471318239e-01
   1.6963264824782917e-01    -2.225370851274913e-01
   2.0161475225421363e-01    -1.940347424614575e-01
   2.2887117734849940e-01    -1.609843898883485e-01
   2.5076305602795085e-01    -1.241606996602985e-01
   2.6677726121101780e-01    -8.442678786594010e-02
   2.7653843350121993e-01    -4.271398372083119e-02
   2.7981777929326090e-01    -6.853558955120250e-17
   2.7653843350121993e-01     4.271398372083130e-02
   2.9613629238567818e-01     6.929856265003050e-02
   2.8208732454973517e-01     1.136914059270463e-01
   2.6142646891247590e-01     1.554194190094993e-01
   2.3463799841870836e-01     1.935045326377609e-01
   2.0234981211195183e-01     2.270540640278298e-01
   1.6531871771303891e-01     2.552816405991872e-01
   1.2441269268858007e-01     2.775256318815850e-01
   8.0590539594809274e-02     2.932646575724963e-01
   3.4879412558310202e-02     3.021298082495060e-01
  -1.1649258346136445e-02     3.039132922944981e-01
  -5.7904880508403173e-02     2.985733063530690e-01
  -1.0280326134945396e-01     2.862350151697237e-01
  -1.4529202087647725e-01     2.671876178323490e-01
  -1.8437525857796241e-01     2.418775691907076e-01
  -2.1913689648760290e-01     2.108981153331572e-01
  -2.4876215127539464e-01     1.749753884011512e-01
  -2.7255663207831349e-01     1.349513866672845e-01
  -2.8996261643360566e-01     9.176423880942794e-02
  -3.0057212282061152e-01     4.642621496964062e-02
  -3.0413647340182015e-01    -9.781775029404858e-17
  -3.0057212282061152e-01    -4.642621496964067e-02
  -2.8996261643360566e-01    -9.176423880942799e-02
  -2.7255663207831338e-01    -1.349513866672847e-01
  -2.4876215127539453e-01    -1.749753884011514e-01
  -2.1913689648760276e-01    -2.108981153331573e-01
  -1.8437525857796239e-01    -2.418775691907077e-01
  -1.4529202087647705e-01    -2.671876178323491e-01
  -1.0280326134945364e-01    -2.862350151697238e-01
  -5.7904880508402853e-02    -2.985733063530691e-01
  -1.1649258346136247e-02    -3.039132922944981e-01
   3.4879412558310528e-02    -3.021298082495059e-01
   8.0590539594809454e-02    -2.932646575724963e-01
   1.2441269268858024e-01    -2.775256318815849e-01
   1.6531871771303921e-01    -2.552816405991871e-01
   2.0234981211195197e-01    -2.270540640278297e-01
   2.3463799841870858e-01    -1.935045326377607e-01
   2.6142646891247595e-01    -1.554194190094993e-01
   2.8208732454973529e-01    -1.136914059270461e-01
   2.9613629238567823e-01    -6.929856265003019e-02
   3.0324407652158319e-01    -2.328141979923592e-02
   3.0324407652158319e-01     2.328141979923631e-02
   3.1511332510278417e-01     9.972366359642738e-02
   2.9619758460373580e-01     1.466567680447757e-01
   2.7033922376700714e-01     1.901523621506670e-01
   2.3814434065408074e-01     2.291909460534153e-01
   2.0036755603800607e-01     2.628574884339094e-01
   1.5789432573206599e-01     2.903628740731889e-01
   1.1172018625599112e-01     3.110624000443529e-01
   6.2927420303714676e-02     3.244708870027417e-01
   1.2659688954327449e-02     3.302740513785575e-01
  -3.7904774774294415e-02     3.283358719173651e-01
  -8.7580782708804220e-02     3.187017779030101e-01
  -1.3520397132664888e-01     3.015975843337096e-01
  -1.7965809345016898e-01     2.774241990098858e-01
  -2.1990118213435617e-01     2.467482255951176e-01
  -2.5498997348891328e-01     2.102886829064979e-01
  -2.8410201598436985e-01     1.689001517229728e-01
  -3.0655494801885547e-01     1.235527441361914e-01
  -3.2182249189570450e-01     7.530936494530771e-02
  -3.2954678932661385e-01     2.530079806936383e-02
  -3.2954678932661385e-01    -2.530079806936404e-02
  -3.2182249189570450e-01    -7.530936494530792e-02
  -3.0655494801885536e-01    -1.235527441361916e-01
  -2.8410201598436963e-01    -1.689001517229731e-01
  -2.5498997348891306e-01    -2.102886829064982e-01
  -2.1990118213435603e-01    -2.467482255951177e-01
  -1.7965809345016892e-01    -2.774241990098858e-01
  -1.3520397132664891e-01    -3.015975843337095e-01
  -8.7580782708804150e-02    -3.187017779030101e-01
  -3.7904774774294277e-02    -3.283358719173651e-01
   1.2659688954327444e-02    -3.302740513785575e-01
   6.2927420303714815e-02    -3.244708870027417e-01
   1.1172018625599105e-01    -3.110624000443529e-01
   1.5789432573206605e-01    -2.903628740731889e-01
   2.0036755603800618e-01    -2.628574884339093e-01
   2.3814434065408074e-01    -2.291909460534153e-01
   2.7033922376700714e-01    -1.901523621506669e-01
   2.9619758460373574e-01    -1.466567680447758e-01
   3.1511332510278417e-01    -9.972366359642738e-02
   3.2664307633909273e-01    -5.045312099523656e-02
   3.3051659071584644e-01    -8.095321697705142e-17
   3.2664307633909273e-01     5.045312099523669e-02
   3.4968603396754172e-01     8.182968503293227e-02
   3.3309661899137838e-01     1.342499985886410e-01
   3.0869970158565974e-01     1.835236059624544e-01
   2.7706712481650753e-01     2.284955755599033e-01
   2.3894032947286181e-01     2.681118025300973e-01
   1.9521297532280435e-01     3.014437160900121e-01
   1.4690999448602593e-01     3.277100444366231e-01
   9.5163567893632173e-02     3.462951270957934e-01
   4.1186587926711780e-02     3.567633454819775e-01
  -1.3755770753077564e-02     3.588693334286540e-01
  -6.8375705825265420e-02     3.525637283633051e-01
  -1.2139297230547011e-01     3.379943283242797e-01
  -1.7156489040274664e-01     3.155026277000418e-01
  -2.1771547288064089e-01     2.856158128901419e-01
  -2.5876298920129098e-01     2.490344055028345e-01
  -2.9374532037240220e-01     2.066158427223150e-01
  -3.2184251020097282e-01     1.593543797078522e-01
  -3.4239598437149493e-01     1.083577850955465e-01
  -3.5492398686972837e-01     5.482137584040100e-02
  -3.5913287193535715e-01    -1.155059411205333e-16
  -3.5492398686972837e-01    -5.482137584040107e-02
  -3.4239598437149493e-01    -1.083577850955465e-01
  -3.2184251020097271e-01    -1.593543797078524e-01
  -2.9374532037240209e-01    -2.066158427223152e-01
  -2.5876298920129082e-01    -2.490344055028347e-01
  -2.1771547288064083e-01    -2.856158128901420e-01
  -1.7156489040274642e-01    -3.155026277000419e-01
  -1.2139297230546972e-01    -3.379943283242799e-01
  -6.8375705825265032e-02    -3.525637283633052e-01
  -1.3755770753077332e-02    -3.588693334286540e-01
   4.1186587926712169e-02    -3.567633454819775e-01
   9.5163567893632395e-02    -3.462951270957933e-01
   1.4690999448602612e-01    -3.277100444366230e-01
   1.9521297532280471e-01    -3.014437160900118e-01
   2.3894032947286198e-01    -2.681118025300971e-01
   2.7706712481650775e-01    -2.284955755599030e-01
   3.0869970158565985e-01    -1.835236059624543e-01
   3.3309661899137855e-01    -1.342499985886408e-01
   3.4968603396754183e-01    -8.182968503293191e-02
   3.5807910468764459e-01    -2.749135301567630e-02
   3.5807910468764453e-01     2.749135301567675e-02
   3.7199131333670787e-01     1.177237953357984e-01
   3.4966127969347116e-01     1.731283300599814e-01
   3.1913548201337744e-01     2.244748834643265e-01
   2.8112941912158174e-01     2.705599358563566e-01
   2.3653392091982259e-01     3.103032926678814e-01
   1.8639426808855769e-01     3.427734033001461e-01
   1.3188569159375282e-01     3.672091958803200e-01
   7.4285826269119004e-02     3.830379161411413e-01
   1.4944764138483821e-02     3.898885522954974e-01
  -4.4746590596962704e-02     3.876005312382602e-01
  -1.0338912317426804e-01     3.762274822437747e-01
  -1.5960830233292581e-01     3.560359799411221e-01
  -2.1208639816262365e-01     3.274992960307530e-01
  -2.5959336857548526e-01     2.912863061969546e-01
  -3.0101569045007392e-01     2.482458122287242e-01
  -3.3538245966958113e-01     1.993866468252464e-01
  -3.6188814829142463e-01     1.458540274124701e-01
  -3.7991148543948838e-01     8.890271321728668e-02
  -3.8903001936689396e-01     2.986759477473565e-02
  -3.8903001936689396e-01    -2.986759477473590e-02
  -3.7991148543948833e-01    -8.890271321728693e-02
  -3.6188814829142457e-01    -1.458540274124703e-01
  -3.3538245966958091e-01    -1.993866468252467e-01
  -3.0101569045007359e-01    -2.482458122287246e-01
  -2.5959336857548510e-01    -2.912863061969547e-01
  -2.1208639816262362e-01    -3.274992960307530e-01
  -1.5960830233292583e-01    -3.560359799411220e-01
  -1.0338912317426795e-01    -3.762274822437747e-01
  -4.4746590596962545e-02    -3.876005312382603e-01
   1.4944764138483812e-02    -3.898885522954974e-01
   7.4285826269119171e-02    -3.830379161411413e-01
   1.3188569159375271e-01    -3.672091958803200e-01
   1.8639426808855775e-01    -3.427734033001461e-01
   2.3653392091982273e-01    -3.103032926678813e-01
   2.8112941912158174e-01    -2.705599358563566e-01
   3.1913548201337749e-01    -2.244748834643264e-01
   3.4966127969347111e-01    -1.731283300599815e-01
   3.7199131333670787e-01    -1.177237953357984e-01
   3.8560218588054895e-01    -5.955991462700621e-02
   3.9017487000860746e-01    -9.556528113275515e-17
   3.8560218588054895e-01     5.955991462700636e-02
   4.1269905833053133e-01     9.657530091610632e-02
   3.9312024970258219e-01     1.584416951680434e-01
   3.6432703561487739e-01     2.165943503741951e-01
   3.2699430460163620e-01     2.696702175844343e-01
   2.8199710423605340e-01     3.164252434563719e-01
   2.3039013075683965e-01     3.557635298112921e-01
   1.7338300788230554e-01     3.867630205586208e-01
   1.1231193425563296e-01     4.086971139091908e-01
   4.8608364081189834e-02     4.210516933053401e-01
  -1.6234544948777449e-02     4.235371778772790e-01
  -8.0696930004907616e-02     4.160953099732401e-01
  -1.4326784741726920e-01     3.989005206694595e-01
  -2.0248068791436641e-01     3.723558412535900e-01
  -2.5694755270142383e-01     3.370834565129128e-01
  -3.0539178463180694e-01     2.939101212502622e-01
  -3.4667789196849419e-01     2.438477818521727e-01
  -3.7983816334799575e-01     1.880698571232644e-01
  -4.0409535011451875e-01     1.278837343440059e-01
  -4.1888088436969412e-01     6.470012522095088e-02
  -4.2384820572221815e-01    -1.363199799293403e-16
  -4.1888088436969412e-01    -6.470012522095096e-02
  -4.0409535011451875e-01    -1.278837343440059e-01
  -3.7983816334799558e-01    -1.880698571232646e-01
  -3.4667789196849408e-01    -2.438477818521730e-01
  -3.0539178463180677e-01    -2.939101212502624e-01
  -2.5694755270142383e-01    -3.370834565129128e-01
  -2.0248068791436613e-01    -3.723558412535902e-01
  -1.4326784741726875e-01    -3.989005206694596e-01
  -8.0696930004907172e-02    -4.160953099732402e-01
  -1.6234544948777175e-02    -4.235371778772790e-01
   4.8608364081190292e-02    -4.210516933053401e-01
   1.1231193425563323e-01    -4.086971139091908e-01
   1.7338300788230576e-01    -3.867630205586207e-01
   2.3039013075684006e-01    -3.557635298112918e-01
   2.8199710423605356e-01    -3.164252434563717e-01
   3.2699430460163648e-01    -2.696702175844339e-01
   3.6432703561487750e-01    -2.165943503741950e-01
   3.9312024970258230e-01    -1.584416951680431e-01
   4.1269905833053139e-01    -9.657530091610590e-02
   4.2260455081871434e-01    -3.244526346412490e-02
   4.2260455081871429e-01     3.244526346412544e-02
   4.3892075038773437e-01     1.389049010951240e-01
   4.1257305147251444e-01     2.042779328949555e-01
   3.7655498991148184e-01     2.648628630856764e-01
   3.3171079854013391e-01     3.192396322530220e-01
   2.7909158719604082e-01     3.661336950153219e-01
   2.1993070559513272e-01     4.044458942869924e-01
   1.5561483465969689e-01     4.332782245890199e-01
   8.7651483892855417e-02     4.519548805362749e-01
   1.7633656633518294e-02     4.600380971429531e-01
  -5.2797488591714181e-02     4.573384106628108e-01
  -1.2199110543343322e-01     4.439190994587944e-01
  -1.8832535415865892e-01     4.200947008118451e-01
  -2.5024541619957391e-01     3.864236384336238e-01
  -3.0629993778295056e-01     3.436951334880065e-01
  -3.5517504843248360e-01     2.929107059159172e-01
  -3.9572515697917066e-01     2.352606996567610e-01
  -4.2699980324735592e-01     1.720963819953730e-01
  -4.4826593603567400e-01     1.048982710021429e-01
  -4.5902509521590512e-01     3.524143344427422e-02
  -4.5902509521590512e-01    -3.524143344427452e-02
  -4.4826593603567394e-01    -1.048982710021431e-01
  -4.2699980324735581e-01    -1.720963819953732e-01
  -3.9572515697917043e-01    -2.352606996567614e-01
  -3.5517504843248326e-01    -2.929107059159176e-01
  -3.0629993778295034e-01    -3.436951334880067e-01
  -2.5024541619957386e-01    -3.864236384336238e-01
  -1.8832535415865895e-01    -4.200947008118451e-01
  -1.2199110543343311e-01    -4.439190994587944e-01
  -5.2797488591713987e-02    -4.573384106628108e-01
   1.7633656633518284e-02    -4.600380971429531e-01
   8.7651483892855611e-02    -4.519548805362749e-01
   1.5561483465969678e-01    -4.332782245890199e-01
   2.1993070559513278e-01    -4.044458942869923e-01
   2.7909158719604099e-01    -3.661336950153217e-01
   3.3171079854013391e-01    -3.192396322530220e-01
   3.7655498991148190e-01    -2.648628630856763e-01
   4.1257305147251438e-01    -2.042779328949556e-01
   4.3892075038773437e-01    -1.389049010951240e-01
   4.5498051892584290e-01    -7.027605614395747e-02
   4.6037592972393548e-01    -1.127595817481809e-16
   4.5498051892584290e-01     7.027605614395765e-02

