       182         2
      2058         1
      2053         3
       177         2
      2173         2
      2181         3
      2182         3
       511         2
       505         2
      2183         1
      1897         2
      2037         3
      2040         3
      2041         3
      2042         3
      2045         3
      1916         1
      2024         3
      2043         3
      1228         1
      1234         1
       311         1
       303         3
      1227         3
       302         3
      1221         1
       299         1
       297         1
      1188         2
       714         1
       713         3
      2880         3
       718         2
       178         2
       180         2
       709         1
      2869         1
      2863         1
      2866         3
      2865         1
      2050         3
